100
49 71
91 82 77 74 70 10 82 25 96 78 50 58 81 76 41 57 16 72 18 34 76 12 78 78 8 82 35 87 89 57 73 76 25 55 13 44 28 12 98 79 12 58 16 63 92 24 38 64 70
79 99 26 23 10 18 71 36 20 41 32 53 89 51 64 90 73 60 2 27 15 57 34 40 74 2 96 99 39 91 53 76 67 58 71 9 91 21 34 92 17 7 59 55 76 10 27 18 38
74 83
34 16 27 28 21 14 69 10 33 58 69 71 75 63 69 4 5 97 91 16 68 14 72 100 12 84 87 98 13 58 94 95 57 15 87 68 19 52 47 59 67 54 9 21 67 53 31 50 45 61 69 31 26 18 61 54 65 63 82 62 33 11 97 99 39 86 55 69 7 63 48 96 80 99
91 58 54 92 2 17 44 92 29 100 26 93 45 49 1 32 59 79 56 17 69 4 22 74 91 78 42 79 100 14 37 80 77 33 81 19 73 71 45 33 87 38 14 23 55 96 26 96 21 1 45 94 73 13 62 54 49 50 69 11 14 5 86 81 36 1 34 26 8 79 90 16 49 58
100 73
78 19 27 46 88 36 90 68 27 10 3 26 72 99 61 15 62 36 28 14 64 65 99 81 5 27 54 91 16 59 76 37 24 29 2 6 35 49 56 2 21 22 85 64 95 17 39 36 67 87 94 62 9 37 23 44 48 15 46 8 77 86 40 29 46 88 99 6 14 91 74 91 99 65 98 28 49 23 90 89 40 3 63 4 83 87 14 14 47 42 57 43 15 15 35 20 56 23 21 67
100 36 34 23 40 36 93 54 52 8 70 40 61 62 77 12 91 2 92 97 67 11 79 22 15 74 30 23 40 65 91 93 85 46 60 97 82 98 15 46 96 84 37 30 82 89 55 85 90 2 19 40 63 80 37 62 37 54 93 43 82 22 38 85 34 16 18 18 68 56 73 59 85 59 92 66 67 36 8 85 85 94 97 37 85 69 69 93 97 34 91 64 45 53 71 29 44 22 48 8
96 95
7 6 60 11 87 38 17 37 71 98 53 85 74 14 99 41 4 94 14 6 55 18 33 25 75 96 79 48 25 92 56 21 62 16 71 66 89 6 3 5 1 14 74 54 16 35 66 90 12 5 72 94 92 5 64 70 43 53 8 44 59 89 68 4 67 35 49 25 70 39 67 16 53 81 54 21 62 38 1 16 47 22 90 37 3 46 18 16 21 10 65 89 49 23 65 25
55 38 40 26 53 5 29 48 64 39 17 74 86 50 47 35 71 80 21 47 28 30 93 34 51 51 63 29 25 27 2 69 41 87 89 46 91 59 56 93 37 46 44 98 58 100 70 38 58 4 100 67 70 45 17 87 34 77 75 54 47 49 72 13 70 90 42 37 73 50 53 13 25 10 33 44 95 95 17 89 56 63 56 72 29 13 39 64 83 14 99 51 93 27 89 23
90 73
90 33 48 79 68 88 8 71 36 79 70 40 36 24 74 10 25 27 79 54 37 1 32 43 28 62 33 97 75 30 24 96 85 36 41 68 88 98 17 93 100 48 75 32 49 29 4 95 62 31 77 25 46 62 96 100 68 97 80 70 76 93 70 93 88 26 30 100 81 28 44 78 94 11 19 34 98 25 45 66 81 67 32 85 84 92 13 94 46 38
74 27 97 75 86 98 68 67 70 56 18 68 53 68 96 94 65 73 53 16 17 82 16 74 95 45 45 76 53 83 14 18 74 28 37 78 92 16 36 40 20 58 28 49 88 76 91 43 98 6 9 28 63 58 99 86 35 1 71 66 56 41 44 29 71 19 17 51 24 8 68 2 70 51 85 68 92 72 97 25 42 31 89 64 81 57 55 93 52 73
48 79
45 74 48 90 73 66 46 19 93 14 67 84 94 20 53 78 95 2 2 49 35 44 100 19 76 17 27 41 63 58 35 76 44 25 41 82 29 52 93 3 31 41 54 70 33 52 2 5
91 32 98 24 5 59 20 31 94 98 54 88 2 3 26 86 99 54 21 36 75 98 81 58 70 75 77 3 96 70 61 70 59 23 75 61 6 76 53 79 97 14 58 70 82 56 71 88
42 63
23 1 39 2 67 78 11 30 6 40 1 83 63 100 73 44 3 96 77 82 52 99 84 59 37 70 69 16 28 65 6 34 32 82 63 3 92 37 51 18 43 12
2 85 47 92 56 42 5 75 28 15 33 92 23 59 22 66 78 62 53 1 83 11 96 52 50 80 84 19 5 47 40 76 48 63 34 1 49 98 23 88 78 93
34 84
85 91 89 93 77 75 22 66 46 35 39 48 63 49 75 53 37 30 49 94 86 100 4 64 20 88 42 2 49 56 90 55 43 26
83 34 81 26 38 100 60 79 89 53 37 20 94 97 77 15 27 75 74 35 87 60 75 2 99 60 72 19 99 63 2 25 77 42
98 62
56 98 60 51 15 17 55 77 21 45 80 82 45 1 72 97 74 62 67 56 34 52 61 52 73 31 82 68 1 93 28 55 46 15 54 86 86 98 23 39 58 59 18 54 89 33 80 97 71 2 94 84 29 95 94 95 4 7 23 63 54 93 36 27 14 15 8 39 28 2 10 91 11 14 63 91 86 65 90 90 55 11 3 73 97 82 95 78 62 64 58 66 68 15 50 77 76 64
13 1 77 52 86 39 7 1 32 36 35 38 30 81 100 42 51 100 99 13 63 45 58 73 69 39 30 83 98 82 16 46 88 16 29 16 8 67 95 47 43 69 99 6 3 20 69 67 25 78 23 66 63 5 60 6 27 64 18 16 68 39 17 68 3 20 51 97 48 94 22 89 72 23 46 84 84 72 54 10 16 41 15 28 94 62 28 21 13 28 60 3 55 62 96 51 41 23
28 54
23 6 3 13 6 89 32 25 22 71 3 30 97 70 32 61 10 17 9 56 70 27 27 54 61 47 69 96
98 71 42 29 67 5 68 51 79 53 95 89 8 25 36 74 78 97 82 21 86 3 21 10 50 11 1 45
29 94
34 70 58 40 36 20 32 10 56 95 82 42 7 85 70 60 96 40 92 59 12 12 34 11 61 5 83 66 89
95 71 35 6 79 25 88 42 23 7 94 90 34 36 45 99 93 25 8 48 13 71 16 10 66 96 7 39 82
14 67
78 81 32 13 62 51 10 68 59 90 42 18 65 63
60 10 84 96 3 30 70 39 42 44 30 59 93 25
84 62
57 16 2 34 80 5 60 62 72 80 1 38 80 91 13 6 51 74 63 1 70 11 54 79 93 89 25 8 97 65 15 21 72 93 78 8 81 38 97 56 21 1 80 90 25 48 52 47 90 52 80 10 10 66 44 66 39 42 73 66 37 76 52 48 10 65 83 1 86 22 31 3 34 55 72 94 28 60 52 17 27 47 71 54
95 65 66 56 6 39 79 10 86 49 39 26 94 11 35 79 87 65 36 59 49 93 59 27 100 48 83 35 46 60 55 44 97 34 82 8 49 37 56 21 56 43 93 81 64 69 50 83 98 59 71 57 39 100 9 92 21 32 41 20 25 67 7 77 42 71 46 15 29 60 29 79 67 12 54 10 1 84 40 98 19 18 100 42
61 95
62 40 37 5 56 21 84 36 38 86 46 43 90 73 12 72 71 90 74 36 40 29 75 99 74 39 83 29 84 96 54 47 80 100 83 38 57 92 65 37 43 86 35 40 97 6 100 28 84 27 24 55 2 26 22 66 4 60 82 88 4
70 37 96 38 59 24 97 41 88 1 5 73 22 52 28 48 13 26 57 73 1 31 73 88 79 47 19 87 95 74 40 80 43 92 74 48 4 57 1 3 36 65 11 68 64 77 37 58 1 48 84 44 60 7 40 41 68 10 4 41 22
17 53
10 74 70 58 76 87 79 70 25 39 81 52 34 93 77 39 19
79 46 44 46 21 58 13 59 15 18 22 43 85 61 50 40 98
27 97
26 38 69 54 12 97 6 9 69 37 81 46 32 6 27 24 28 23 65 77 18 81 17 13 75 90 81
25 32 48 63 26 78 80 52 79 94 3 82 25 23 35 63 44 23 78 8 35 80 42 15 67 98 35
42 75
39 92 91 31 100 79 53 48 37 30 34 41 17 49 39 27 77 30 52 45 59 65 60 31 45 99 46 35 61 42 27 94 6 29 65 65 43 2 72 54 85 38
71 63 68 94 34 33 29 34 90 12 66 30 72 41 89 45 79 33 56 59 34 88 65 49 49 72 67 31 6 20 61 42 39 73 78 82 55 64 98 9 95 67
73 54
47 50 31 49 73 30 82 11 87 92 97 68 55 3 68 9 35 15 41 58 16 21 73 27 70 78 26 47 49 85 57 45 27 84 77 25 17 13 57 56 89 43 27 22 72 25 37 25 36 59 48 57 14 5 5 48 92 27 53 31 88 93 79 24 81 36 12 96 81 56 64 5 33
97 74 69 100 70 64 28 93 76 38 44 23 9 84 85 53 26 39 20 44 80 5 5 98 25 46 12 14 7 23 15 53 41 76 11 23 20 39 36 75 25 82 38 2 37 59 19 31 17 55 51 92 64 69 14 62 7 11 1 26 69 66 13 23 83 28 81 23 76 55 10 18 74
56 93
47 59 27 77 15 60 61 89 34 100 99 4 4 29 46 88 30 52 33 74 13 96 93 29 91 86 85 55 61 57 29 28 21 46 45 13 45 50 36 87 54 51 26 57 46 75 89 94 48 64 58 50 57 83 39 68
89 38 22 9 7 40 57 90 15 29 81 73 17 32 60 96 26 89 89 10 25 59 69 18 71 37 44 81 80 37 89 36 72 90 10 1 64 55 10 23 12 86 10 61 18 19 67 10 56 61 91 7 31 56 71 27
25 91
3 45 61 82 36 85 93 5 63 66 29 8 49 46 93 66 65 57 94 72 21 58 93 64 69
65 66 85 67 49 1 48 99 85 69 10 88 33 34 21 18 43 43 73 78 63 14 65 48 53
9 99
27 44 99 21 61 86 63 20 83
31 95 44 81 35 13 64 15 21
82 53
47 5 53 34 30 78 4 1 2 8 100 93 96 100 82 96 79 55 93 73 72 51 45 73 58 8 28 63 94 57 10 22 33 20 9 11 31 35 43 78 53 48 11 49 47 17 29 94 59 88 36 5 28 92 78 54 17 55 47 77 60 72 66 12 78 80 43 53 55 64 82 41 89 82 13 88 72 8 80 3 91 52
12 32 31 9 95 80 81 30 22 38 2 5 49 29 24 24 70 78 62 77 81 23 40 54 72 72 82 55 85 1 54 12 75 18 92 49 57 59 54 53 56 54 75 34 36 31 81 39 30 35 56 86 15 94 85 20 85 41 25 42 63 62 88 63 38 69 64 25 80 9 67 31 11 65 50 38 59 59 54 80 67 12
79 63
68 22 12 90 92 2 11 29 66 13 96 60 43 71 91 44 58 57 10 99 2 84 32 68 33 56 79 53 8 15 79 10 48 52 17 66 86 24 28 12 74 94 72 2 1 71 33 55 35 22 22 77 10 1 99 68 29 46 3 34 38 82 67 31 66 1 84 3 75 73 35 42 74 46 49 71 83 90 16
97 3 94 60 8 72 80 97 91 31 70 29 75 13 1 95 87 70 17 82 42 69 36 54 41 92 100 96 93 24 58 47 4 38 44 87 5 71 60 60 13 81 65 88 26 23 32 85 53 6 62 96 7 54 8 22 66 74 17 30 26 39 69 39 19 94 1 67 98 7 80 30 82 60 25 42 73 49 100
6 90
1 55 77 4 59 48
67 17 96 47 75 30
12 85
69 48 17 4 94 60 49 34 46 83 100 20
92 54 39 17 33 45 95 69 34 77 94 33
95 57
88 42 41 44 30 20 21 18 37 63 60 9 92 36 15 79 61 74 41 74 6 21 59 60 26 29 94 21 32 55 78 94 98 29 6 16 75 76 2 98 77 25 26 21 86 27 81 34 25 84 35 40 52 9 87 12 15 16 14 87 83 30 33 31 18 90 96 14 39 90 66 99 100 70 37 86 90 46 95 30 82 15 96 5 21 25 66 62 66 64 35 22 85 9 85
81 23 54 77 24 76 28 23 21 86 42 59 97 64 54 74 6 96 91 53 5 31 15 100 71 94 94 100 23 4 51 65 90 33 35 47 9 24 6 61 10 41 99 91 37 47 63 67 70 18 45 28 14 79 66 49 60 58 47 55 94 22 19 30 36 16 65 72 75 44 62 6 16 65 93 6 7 85 20 11 22 76 12 89 60 95 82 49 16 55 23 44 74 32 53
11 50
5 21 99 81 65 23 86 75 47 72 81
79 38 66 50 67 87 93 4 91 19 45
49 60
23 73 4 58 66 20 83 22 7 95 50 61 92 67 38 6 97 8 92 26 69 51 13 70 51 49 60 54 15 18 19 15 65 69 89 25 58 44 22 20 68 7 90 32 35 95 34 59 5
42 44 92 98 58 12 87 82 20 67 27 13 37 46 47 76 31 29 42 62 48 22 30 5 40 88 23 69 98 42 79 87 67 42 95 4 25 12 81 28 40 54 18 97 52 74 66 76 54
56 51
76 78 1 80 56 59 73 10 64 26 53 31 93 30 44 33 20 11 87 92 60 86 21 69 13 46 69 64 84 60 21 96 27 81 64 71 100 25 69 4 23 91 24 63 11 61 90 10 30 59 6 43 88 66 81 46
2 52 12 66 11 81 23 70 6 75 47 18 33 40 13 100 81 29 1 100 84 36 24 89 82 94 34 58 5 94 3 38 37 15 17 58 16 40 8 99 71 31 30 7 84 50 24 29 88 58 32 76 80 63 55 52
44 68
30 14 6 76 67 98 57 91 51 86 30 25 31 29 37 76 31 67 14 16 50 16 29 48 34 1 6 48 28 25 23 54 51 95 93 27 8 49 11 96 71 48 99 30
91 88 39 43 41 17 75 30 55 61 25 10 62 49 5 100 60 99 92 81 100 37 94 3 4 44 94 39 53 48 51 20 16 7 71 100 64 79 47 65 87 85 75 4
84 69
73 97 98 5 2 98 74 2 69 54 43 18 75 42 38 99 41 77 88 98 82 88 13 85 59 93 13 26 52 46 83 2 18 66 35 24 34 31 17 63 49 79 58 68 60 81 67 77 17 16 96 100 63 13 30 38 89 94 56 63 15 58 89 26 27 98 52 67 2 11 79 62 22 10 23 13 6 27 62 28 93 27 15 62
63 14 95 1 19 19 22 33 66 31 76 71 37 77 83 6 55 71 74 48 56 16 40 99 87 28 58 58 56 56 74 11 17 49 82 60 67 42 62 85 46 64 7 79 98 74 32 57 19 28 3 55 26 2 27 38 59 18 70 25 85 90 28 2 70 18 15 81 63 32 53 9 59 71 41 100 45 51 84 48 1 91 82 16
65 91
22 41 77 65 34 10 84 6 19 4 26 1 2 45 50 78 92 3 10 68 49 58 3 13 61 51 85 78 71 72 64 83 57 83 92 93 28 42 100 53 60 51 75 49 53 22 9 20 1 94 93 54 94 54 76 19 73 42 46 49 53 35 85 99 25
89 26 12 66 1 20 89 19 31 72 38 48 40 42 32 28 67 51 48 34 70 64 60 59 81 95 3 32 31 68 14 32 56 10 49 72 79 12 85 59 51 46 53 46 20 33 59 72 58 59 56 46 24 26 31 57 73 66 22 52 88 74 78 97 87
19 50
3 30 45 71 5 87 74 19 15 87 7 64 93 30 94 79 92 76 5
61 93 51 67 97 30 12 86 32 74 26 86 38 1 56 59 66 77 34
100 65
73 8 23 100 48 77 10 60 93 35 67 88 53 9 100 25 69 99 20 41 28 1 65 35 26 16 7 97 75 21 19 39 51 15 38 70 62 68 1 37 30 79 12 81 81 33 18 93 91 38 39 26 56 39 42 45 40 82 71 14 91 41 61 93 57 64 28 40 68 6 71 98 24 28 9 15 64 47 73 5 28 3 42 8 24 22 32 79 35 80 21 26 94 96 31 55 91 7 46 81
42 4 32 39 41 33 38 24 27 70 57 24 5 40 21 41 36 76 60 45 62 29 43 74 22 85 39 22 53 78 59 54 70 32 30 41 40 27 5 6 86 43 27 68 61 48 19 54 73 54 8 15 38 72 96 11 61 52 64 64 36 38 91 61 94 24 93 94 30 52 86 2 59 84 69 63 10 6 14 30 98 71 94 26 91 6 89 21 5 95 21 63 71 9 20 36 90 51 57 50
69 68
54 88 7 14 2 53 33 40 66 59 88 97 41 91 67 48 34 38 58 21 14 54 19 75 84 95 97 37 75 68 31 46 11 16 75 67 54 49 48 98 19 23 4 80 19 16 16 76 19 51 85 80 51 97 54 34 48 69 69 53 40 10 90 84 93 79 7 63 58
9 37 3 74 89 55 96 67 27 78 43 4 42 52 20 15 64 24 8 23 87 58 24 72 39 37 26 75 24 76 92 12 100 67 96 95 66 36 45 31 52 37 95 69 58 30 38 79 52 89 65 20 70 61 28 51 96 70 33 53 85 9 97 92 50 36 25 62 35
50 93
58 76 45 57 97 94 97 14 27 26 10 93 12 71 60 78 75 30 7 26 42 51 89 32 96 63 35 76 66 75 32 78 18 80 43 6 26 26 27 72 65 82 19 57 64 51 47 32 50 60
30 100 46 87 4 48 1 59 83 65 40 20 27 25 30 84 90 56 58 27 62 70 2 100 53 64 25 100 85 25 59 5 2 81 38 19 97 10 59 30 99 39 92 43 4 100 32 92 94 22
90 70
8 58 18 28 5 4 57 73 80 43 25 21 2 53 3 19 36 36 29 45 28 1 30 95 92 34 37 95 19 59 7 41 46 65 93 74 5 17 66 21 50 35 49 32 57 64 93 43 23 9 22 100 100 56 82 55 54 72 27 32 35 3 21 97 78 68 49 84 2 15 79 51 95 31 87 88 2 89 14 14 5 74 21 30 39 57 29 47 52 61
93 22 59 19 34 27 9 72 34 16 51 82 8 30 52 11 2 11 34 11 91 36 24 8 16 39 92 18 8 60 90 95 26 3 86 60 61 22 100 57 14 99 79 98 69 1 99 51 17 83 44 79 59 76 80 24 90 30 2 66 19 93 15 31 23 79 27 56 15 55 83 57 97 45 79 24 63 66 12 37 42 55 30 59 64 24 40 38 97 29
18 71
23 97 35 8 19 62 68 57 3 95 8 28 76 63 89 93 35 84
83 49 93 89 50 89 2 3 90 78 79 23 28 35 30 73 52 84
13 58
40 19 6 32 44 20 11 19 82 10 42 11 63
83 33 61 3 68 4 99 90 75 15 29 31 59
51 60
64 12 25 74 21 24 77 50 53 14 20 50 74 30 49 21 29 64 13 36 9 77 40 35 56 32 18 71 84 29 9 3 36 56 20 87 94 50 96 91 18 76 94 49 12 14 76 87 14 2 88
2 34 83 45 96 33 10 23 38 82 53 49 32 39 86 83 1 47 62 72 29 15 75 33 22 63 94 60 50 79 61 48 2 5 20 73 25 89 18 82 90 66 88 78 11 81 60 15 4 88 95
5 68
80 26 80 49 75
98 1 70 37 70
44 67
91 93 50 55 13 80 99 35 75 82 72 74 2 7 79 16 38 36 5 41 50 60 58 8 28 81 26 60 68 4 68 68 21 64 47 84 98 24 91 56 33 60 18 18
26 96 70 82 61 89 19 25 47 20 35 9 70 91 70 28 70 11 99 100 2 21 66 13 10 28 17 41 47 87 81 53 79 60 95 56 56 53 86 85 53 20 98 58
101 60
15 98 89 84 98 32 93 99 78 27 6 33 38 50 18 2 88 53 55 25 40 99 48 13 31 23 96 15 16 84 1 62 35 42 34 42 55 98 20 95 97 58 75 25 92 45 76 44 95 58 80 77 26 74 43 92 64 77 48 44 44 68 31 18 34 37 48 94 21 41 7 27 82 58 67 2 25 92 97 15 98 76 13 78 51 5 23 15 94 41 93 50 44 100 3 60 88 46 46 8 20
17 65 37 89 11 27 5 60 49 77 94 43 65 20 82 28 54 66 19 81 75 82 32 83 63 63 56 31 39 84 1 18 63 44 6 41 2 94 63 29 100 88 78 35 2 1 27 36 35 54 30 56 53 100 30 14 8 2 26 4 34 65 25 7 63 86 95 57 32 54 12 11 20 92 60 71 21 65 2 74 21 17 64 65 64 47 15 65 11 59 87 15 93 21 63 68 44 65 58 8 73
4 58
65 64 70 80
21 84 63 21
81 69
76 69 24 68 15 17 90 1 57 50 68 26 57 9 81 57 82 15 70 42 65 99 70 47 28 82 50 43 26 53 48 46 87 57 36 23 49 65 35 84 25 47 53 88 20 22 12 44 48 36 15 59 51 36 92 88 82 62 23 8 22 56 33 13 46 60 79 97 53 21 67 61 71 20 55 72 21 46 82 57 33
78 50 27 92 1 60 48 96 21 4 62 32 45 15 90 20 10 73 26 87 20 75 3 26 91 8 81 67 36 1 7 48 83 46 7 51 54 48 79 25 16 24 67 69 37 81 16 4 44 15 2 80 8 47 47 52 2 10 30 51 10 47 29 41 29 47 42 95 49 53 30 64 92 26 47 98 82 45 3 50 41
101 94
36 56 84 33 1 4 1 94 99 60 75 76 34 47 49 49 31 75 58 32 96 73 71 77 96 13 67 100 4 38 87 25 69 58 79 9 12 95 40 32 47 86 4 26 58 62 13 55 63 60 70 54 29 55 99 21 23 98 14 8 31 29 21 30 84 72 85 2 31 35 50 6 30 49 99 52 25 51 85 94 25 89 81 8 61 62 20 24 49 11 84 47 72 25 86 87 85 34 41 85 46
73 66 27 13 48 14 49 69 54 6 91 37 60 84 38 10 50 91 73 79 14 18 67 37 47 76 94 49 2 58 20 77 77 9 56 39 32 94 32 36 15 60 44 17 25 52 1 85 95 37 29 67 17 63 84 1 9 1 51 7 27 32 95 76 48 23 70 69 99 77 29 45 95 54 47 75 66 49 12 55 87 34 13 87 90 80 58 35 94 38 54 78 77 81 28 97 12 2 95 15 59
51 93
10 85 20 81 5 84 31 19 15 69 28 55 81 72 72 66 50 68 87 98 92 21 92 15 43 53 20 25 48 74 32 15 88 49 74 72 51 85 83 94 3 68 72 96 49 37 67 13 51 37 33
15 82 29 6 42 14 32 12 11 29 87 27 26 81 32 37 7 4 57 48 91 55 84 38 50 6 39 10 35 75 85 7 57 20 6 5 19 52 15 99 85 44 96 11 74 97 78 32 73 28 1
54 83
35 88 92 80 76 76 71 59 40 45 96 4 37 49 28 35 72 70 22 54 51 53 94 10 71 49 1 54 42 78 80 44 84 27 93 16 46 25 99 59 24 28 41 46 51 66 13 51 46 65 53 67 13 5
69 85 20 53 69 88 42 79 70 96 95 63 95 70 18 72 48 18 59 73 50 18 80 35 39 11 20 89 55 56 91 33 69 61 46 28 98 73 67 52 74 33 68 66 57 16 53 34 96 59 81 68 13 94
46 59
17 94 14 91 46 30 86 82 34 32 40 13 69 9 56 38 14 14 35 28 31 4 96 37 31 17 54 76 100 23 70 82 100 89 90 24 74 56 66 13 54 37 87 79 51 31
91 87 77 71 83 1 97 14 9 1 21 84 16 72 40 6 47 60 83 86 64 90 93 35 45 89 92 7 72 53 1 63 83 32 30 95 34 87 87 83 82 87 90 1 7 9
28 63
51 62 48 33 18 5 25 26 81 16 52 97 51 97 72 8 67 12 85 31 10 82 44 77 91 73 3 70
68 99 9 3 38 74 21 83 50 50 23 97 39 71 92 15 92 39 7 4 28 85 35 2 64 88 49 77
3 100
89 64 72
14 61 60
45 61
86 97 55 4 96 85 26 94 51 18 100 35 92 65 86 37 34 2 92 24 23 27 62 62 94 75 53 82 66 39 100 4 51 90 73 75 18 67 61 63 58 62 52 16 66
100 3 87 60 78 91 67 30 62 59 43 96 67 73 85 38 8 26 28 94 54 13 61 68 40 88 57 86 43 57 52 93 84 69 99 16 37 100 93 53 8 91 53 59 58
73 56
93 54 54 71 11 11 19 51 5 46 65 79 62 22 61 43 44 49 20 77 34 55 28 17 11 87 62 70 47 97 6 61 51 23 56 48 42 42 49 63 72 96 16 34 6 90 57 43 97 94 1 89 48 6 56 95 97 59 40 43 98 10 21 58 53 8 25 1 14 35 28 52 98
56 51 75 88 92 89 86 34 37 65 16 28 97 65 63 30 52 15 51 42 72 31 96 30 52 74 31 50 15 95 39 79 74 16 80 74 71 96 55 47 39 66 90 92 90 3 4 32 99 78 91 100 87 42 70 54 69 23 70 47 76 35 44 29 2 86 15 79 26 80 44 92 36
59 91
7 96 63 69 98 3 61 22 65 11 83 13 75 70 24 11 98 85 45 90 62 97 75 62 14 95 45 34 96 48 12 90 94 93 52 34 6 79 66 42 8 84 11 49 1 57 61 34 44 24 19 53 37 96 64 95 20 24 14
79 20 76 26 75 91 83 45 96 24 64 16 80 86 88 7 59 72 53 18 28 56 85 41 57 10 83 82 84 72 74 36 97 23 2 98 93 21 6 50 24 6 88 90 86 96 97 72 22 38 7 6 14 92 71 81 78 26 94
2 84
20 90
48 76
99 85
49 9 88 74 81 19 89 87 49 34 67 12 75 73 82 51 56 29 81 21 15 11 17 24 7 82 75 11 32 90 48 64 42 72 89 25 79 97 5 52 44 18 64 55 73 82 72 71 91 50 12 72 86 7 65 59 12 86 53 28 63 38 86 42 91 5 40 2 53 4 67 49 57 59 12 4 38 23 82 52 66 82 68 78 6 41 15 49 42 76 95 44 43 74 63 55 80 59 77
55 56 60 84 35 30 40 100 50 84 57 90 68 23 17 26 30 28 17 91 41 77 62 46 56 1 89 19 27 30 87 8 94 76 36 28 49 67 18 74 80 96 5 18 48 8 66 65 46 78 71 65 11 17 29 78 25 44 4 96 43 9 35 91 79 78 58 76 90 51 39 100 32 44 59 65 57 86 49 8 10 23 57 39 66 34 26 75 79 63 79 70 76 83 23 2 2 86 47
27 68
97 17 61 49 6 35 21 25 24 80 32 76 62 34 91 48 90 27 36 86 28 41 71 78 43 43 14
2 2 99 44 30 89 28 70 69 10 72 82 92 80 35 32 65 81 39 86 36 80 7 83 88 44 67
86 76
9 79 88 8 34 24 68 62 85 84 21 71 99 63 39 22 98 91 92 64 12 95 1 49 53 57 84 100 18 32 25 91 21 42 11 35 21 35 43 83 44 39 51 62 22 93 63 62 38 35 50 69 11 20 14 62 53 80 81 50 64 65 40 34 95 55 68 41 85 96 54 15 35 5 16 13 56 70 41 26 64 89 67 68 19 50
39 61 22 94 38 32 77 66 85 68 27 49 20 96 77 57 15 86 12 24 13 21 55 66 24 44 33 19 34 58 10 10 98 54 42 92 75 68 69 53 51 88 10 83 20 57 69 34 48 10 90 79 63 17 24 23 2 44 24 76 86 60 36 31 32 83 20 9 60 67 18 65 36 7 86 67 45 87 72 56 100 16 39 3 72 96
52 84
60 85 38 97 40 74 32 48 16 19 33 53 95 72 96 80 93 9 57 8 98 33 2 40 86 66 13 81 27 71 100 50 60 78 96 42 85 23 45 61 17 21 4 42 95 2 51 93 34 26 61 97
97 48 84 83 57 86 66 90 91 19 30 66 89 57 85 26 84 95 61 21 22 44 70 78 2 43 21 71 27 77 95 28 71 43 18 76 23 38 63 40 91 44 30 60 65 46 1 80 94 89 36 51
82 94
17 63 61 11 38 98 6 58 76 21 14 25 83 4 11 32 51 50 29 9 81 22 53 20 10 28 76 92 9 49 5 49 28 85 80 65 4 80 56 86 20 94 38 14 54 25 21 30 62 29 35 8 91 27 90 60 9 7 67 24 16 16 7 82 5 84 78 31 65 73 62 42 59 73 78 52 85 4 23 56 98 71
34 8 10 78 88 19 21 5 38 54 64 57 92 48 45 5 7 54 84 74 39 45 74 72 59 14 5 20 62 43 14 7 57 44 3 90 90 32 83 58 11 52 76 64 38 53 28 75 58 11 16 66 80 19 81 6 42 6 32 64 74 62 4 1 73 65 95 29 28 70 27 22 33 77 12 94 2 92 91 90 22 88
49 70
20 60 46 93 95 84 54 19 96 25 56 8 47 64 53 51 20 96 89 15 6 79 12 46 40 51 84 89 97 82 29 69 84 36 15 16 91 62 13 50 30 75 78 78 54 14 57 27 12
2 29 13 30 79 89 70 100 93 55 98 90 19 31 84 45 23 61 7 32 87 85 60 7 59 97 85 9 30 44 39 100 90 11 30 59 25 76 63 90 88 58 33 27 96 56 99 4 75
80 67
66 93 99 61 62 8 79 16 86 57 8 93 9 85 10 78 30 40 55 13 27 81 88 73 55 63 3 78 20 78 2 61 48 40 3 70 11 53 10 20 2 11 55 73 58 22 90 74 38 95 5 13 82 15 46 8 17 20 66 2 32 24 23 10 55 6 5 48 53 16 60 76 83 76 53 11 30 66 46 83
44 84 40 97 4 18 28 65 90 32 42 73 42 54 5 57 66 24 24 27 33 75 71 94 67 70 87 93 24 89 52 7 16 47 14 14 86 96 100 63 86 37 84 53 88 54 65 20 31 92 21 54 80 32 94 84 24 49 42 35 57 18 47 31 94 43 60 45 89 43 7 64 88 80 18 33 52 49 70 40
13 77
74 19 14 64 64 64 34 85 90 5 91 54 2
45 23 9 71 63 15 83 83 87 82 20 53 96
24 67
96 91 67 33 45 2 15 90 84 84 66 45 80 3 98 32 84 67 98 59 26 9 52 84
60 24 32 97 27 72 42 32 26 39 13 16 65 73 84 82 44 86 25 43 16 13 44 2
71 89
28 18 28 96 21 93 13 40 10 39 44 23 6 14 72 70 50 79 36 92 65 60 93 9 62 89 72 65 29 3 37 41 84 29 17 65 55 86 99 64 70 63 52 23 100 100 61 41 8 79 11 36 96 24 37 62 21 91 3 91 53 5 74 9 33 65 99 38 82 7 83
80 37 97 1 51 37 36 65 21 54 39 43 13 82 30 22 71 57 24 96 35 28 44 11 75 71 79 45 79 11 68 25 28 36 96 84 71 12 27 23 27 3 42 35 3 75 9 49 77 3 30 100 31 71 8 64 13 47 9 94 79 79 92 78 19 62 8 78 86 64 84
37 88
68 47 4 9 48 89 90 35 73 86 87 4 14 41 5 88 39 51 47 44 55 11 7 48 14 51 50 95 59 14 35 24 86 72 54 3 39
59 99 99 27 68 42 55 81 30 58 3 54 59 4 4 41 27 23 79 88 92 75 41 91 83 65 94 38 50 56 84 66 9 92 6 46 6
92 65
94 75 23 52 91 14 78 32 77 13 47 62 30 29 92 10 59 73 79 80 97 24 92 76 62 30 83 10 34 71 58 34 54 87 75 40 31 31 3 7 57 93 60 51 50 46 78 25 38 73 33 33 76 58 50 86 17 6 72 27 57 12 64 79 21 40 33 1 15 68 9 79 46 77 12 79 87 18 25 12 66 61 44 40 13 66 36 43 42 38 12 48
54 18 37 47 90 43 44 56 29 33 89 79 19 1 29 12 33 39 54 91 34 41 100 14 71 87 27 36 49 33 39 50 16 56 100 56 80 23 93 67 80 45 18 63 97 40 18 54 29 21 35 68 54 18 65 40 7 63 19 58 46 75 73 11 40 77 3 31 67 15 78 54 95 38 79 30 32 27 100 45 35 24 50 99 24 9 83 1 74 91 66 87
87 68
33 65 88 35 47 35 91 54 98 48 17 75 83 19 48 60 45 94 29 22 15 98 65 89 40 78 87 77 33 64 42 1 76 56 60 66 22 5 100 75 74 58 94 15 14 90 90 41 16 69 24 97 17 5 10 62 76 11 99 13 9 26 20 46 39 23 36 18 33 65 54 64 39 35 89 72 45 14 65 87 68 63 58 80 87 84 54
15 14 19 13 41 25 22 22 88 58 81 28 96 93 41 31 56 90 72 91 49 2 91 16 14 62 91 65 15 71 27 93 65 27 40 82 2 59 10 78 23 3 51 50 91 27 27 79 25 95 21 27 14 86 73 9 96 50 49 64 91 38 40 40 83 86 82 31 30 11 94 41 30 7 59 43 20 32 84 3 82 31 72 66 4 68 14
66 78
26 45 87 98 13 38 9 77 100 23 75 91 3 16 75 32 59 66 4 60 52 5 60 12 5 94 36 51 60 53 78 23 13 91 22 6 87 7 10 23 49 26 50 49 34 50 89 27 71 23 63 87 95 52 77 1 37 32 67 100 48 99 92 15 30 66
52 94 90 38 44 3 29 87 72 22 42 75 12 52 89 56 53 73 59 92 69 2 85 66 8 50 79 18 14 27 69 81 22 45 95 62 54 7 40 6 94 82 37 72 42 77 15 63 9 97 85 81 93 41 68 53 18 2 9 100 98 60 9 76 88 44
52 72
13 89 53 81 96 59 26 6 64 11 3 91 18 79 37 29 97 34 37 69 51 28 49 16 14 20 34 78 31 86 1 42 47 46 44 76 86 3 79 2 78 54 66 27 18 93 38 31 21 99 75 68
29 20 59 90 34 65 98 43 63 62 75 14 96 43 71 87 70 80 8 3 34 38 2 3 95 31 56 25 96 87 89 90 69 27 61 24 64 42 17 64 73 72 36 20 31 12 80 83 47 57 32 24
95 96
97 67 91 71 93 27 97 60 71 93 68 34 69 19 7 1 56 20 42 59 99 20 29 39 12 92 2 68 80 88 54 80 42 24 52 81 80 85 19 90 91 13 88 22 34 60 59 23 23 68 23 31 38 9 3 84 55 10 67 68 6 60 18 67 7 29 74 10 100 68 66 22 99 96 97 19 29 62 59 99 23 78 7 73 91 35 58 18 7 67 8 13 63 3 35
86 71 28 61 62 87 30 71 55 50 85 21 83 78 89 91 68 4 19 63 74 96 86 69 54 8 97 57 67 38 38 6 27 75 20 97 67 80 70 99 86 43 84 13 69 27 8 58 77 83 50 37 39 8 38 19 97 15 18 64 87 82 95 49 68 93 6 91 21 97 27 5 83 19 5 43 79 32 84 98 60 93 18 99 40 26 30 100 1 2 34 42 14 57 13
82 92
58 14 92 70 81 99 71 71 42 63 10 38 54 4 62 7 99 92 44 97 11 76 97 10 75 16 44 33 34 20 94 41 34 78 68 29 49 23 88 23 35 79 18 6 45 98 44 69 16 99 64 15 78 16 66 95 74 36 82 37 72 50 69 24 75 68 88 8 79 49 22 99 37 60 42 29 46 82 17 69 30 44
48 62 15 55 86 90 57 96 48 51 32 98 43 78 69 60 15 88 93 67 1 78 40 68 36 90 34 20 36 38 17 16 25 56 98 75 66 60 27 22 74 33 99 38 10 75 90 58 47 4 22 86 52 100 44 14 65 59 82 63 23 81 97 88 81 76 78 84 95 68 36 36 38 27 50 60 86 52 40 62 66 8
7 92
52 36 68 4 79 33 35
43 78 94 24 32 49 94
89 57
5 99 55 32 8 89 29 38 26 77 81 58 24 37 48 48 10 1 17 48 97 20 25 37 67 66 47 64 39 75 52 58 53 32 88 35 56 23 15 66 16 27 31 15 84 23 62 100 83 64 89 42 80 28 74 46 46 56 29 25 90 23 94 6 25 8 23 38 96 91 14 87 18 59 60 99 70 99 78 85 17 98 16 23 100 38 64 51 20
59 3 84 53 72 61 9 28 95 72 26 100 4 42 13 68 10 80 66 32 11 18 47 82 85 35 60 28 58 90 80 90 62 80 45 14 89 92 56 20 31 1 41 75 20 55 93 62 82 74 21 97 85 25 29 4 37 98 59 81 51 69 95 84 23 20 85 94 15 7 90 9 87 42 39 23 33 20 93 49 90 35 55 77 77 84 32 73 77
48 76
33 97 10 99 17 33 39 48 92 96 84 69 3 11 10 44 93 32 99 68 9 74 58 68 35 33 49 55 46 38 40 17 17 21 71 97 1 13 46 55 14 10 70 78 84 9 51 47
94 98 98 53 35 87 21 25 73 71 89 41 50 70 57 96 14 32 27 92 77 93 74 96 95 25 91 75 36 88 53 34 66 96 57 56 4 23 55 14 1 89 18 60 79 84 39 33
28 93
39 15 17 9 92 16 26 78 86 13 97 13 57 100 89 68 67 82 6 78 17 73 83 23 98 44 44 61
72 15 2 5 66 39 88 32 67 100 13 69 29 86 25 4 91 69 85 72 80 11 37 75 75 69 5 67
34 73
83 54 24 10 27 56 45 96 32 2 8 67 12 93 77 65 93 71 100 51 54 33 90 83 21 51 25 31 21 51 38 30 21 27
23 45 85 86 90 10 60 79 48 5 17 71 66 71 82 22 60 57 31 19 24 67 54 70 98 6 100 39 43 44 26 53 89 53
84 76
13 23 56 8 71 68 82 36 58 16 82 73 69 58 39 40 46 61 95 47 74 11 41 50 66 73 95 37 8 71 47 31 58 93 25 93 55 58 91 35 56 18 92 73 4 39 32 74 24 84 85 7 26 1 61 37 16 12 52 14 64 10 3 70 75 98 29 56 24 1 69 26 14 13 57 88 63 34 60 93 59 80 77 21
2 27 26 47 64 68 86 54 11 69 13 65 41 67 48 37 93 44 75 32 80 18 60 44 59 66 90 29 29 57 16 28 86 74 86 28 100 55 89 27 98 1 7 9 72 71 78 22 76 7 31 44 90 89 14 35 53 9 100 44 93 73 2 47 17 58 45 1 30 94 14 89 57 86 63 16 4 53 99 40 80 17 70 82
45 89
26 10 37 48 82 93 40 5 76 34 6 88 30 99 53 41 94 54 89 47 25 5 15 74 54 62 2 76 13 88 19 55 31 98 17 71 35 70 51 26 26 62 99 51 53
38 49 48 40 80 81 63 74 81 82 29 40 10 36 83 75 50 61 82 29 94 77 21 46 47 34 31 40 82 96 71 8 47 98 84 69 74 58 93 44 69 35 85 13 97
44 81
99 49 14 13 68 22 13 70 66 50 34 99 87 92 50 41 5 87 1 71 30 89 57 3 93 25 83 40 46 97 77 6 8 49 37 87 2 56 54 86 3 33 61 28
21 61 76 90 51 9 16 69 62 50 18 21 33 78 47 51 39 91 67 10 84 36 33 100 24 86 84 39 23 70 10 15 85 53 21 76 90 9 93 51 24 79 3 70
77 99
91 86 92 43 39 69 7 63 65 56 93 88 73 30 27 8 37 13 71 72 48 54 77 95 14 91 15 56 58 2 77 4 38 91 90 68 94 2 61 76 93 71 96 64 51 46 25 79 26 52 65 89 61 4 94 46 66 67 74 61 10 24 62 67 13 48 37 6 57 56 23 98 2 19 90 22 62
4 66 37 80 62 21 27 8 38 24 100 9 1 2 84 32 18 94 29 65 74 1 75 80 11 46 64 50 86 88 96 92 61 21 37 9 35 72 82 8 32 76 6 88 25 18 2 35 16 12 27 47 79 80 61 13 44 6 68 60 99 47 97 80 94 60 35 71 99 97 37 59 20 4 28 77 56
55 78
9 34 42 96 4 72 56 22 84 99 2 83 26 57 89 55 100 98 55 4 56 89 36 34 4 24 80 3 49 81 46 62 41 19 13 87 94 9 49 8 63 99 71 30 29 9 19 92 3 12 31 38 24 47 80
66 60 33 77 8 26 92 7 96 83 84 23 65 50 89 35 61 87 78 58 26 4 17 9 25 81 99 50 94 73 64 94 77 93 85 33 39 90 28 4 43 3 88 59 40 43 98 86 8 90 66 32 27 48 45
70 93
86 58 94 62 51 73 13 9 28 46 14 42 71 29 21 56 16 70 25 58 62 83 66 49 92 62 56 74 10 4 69 98 41 29 99 22 87 14 77 21 77 25 1 12 8 45 87 95 75 17 99 77 35 72 81 47 52 96 26 20 67 52 53 27 1 2 38 58 68 14
29 33 88 84 5 73 83 47 46 24 30 46 24 39 91 55 39 78 82 14 17 29 12 97 33 95 70 42 18 67 68 75 35 70 57 100 16 51 14 59 76 38 49 82 90 66 85 73 68 72 55 27 13 67 5 41 14 37 13 63 78 77 13 50 42 46 36 48 18 39
66 57
12 49 53 42 24 16 53 81 71 40 34 58 91 22 97 88 54 30 68 69 70 89 66 91 16 85 10 8 50 18 41 50 5 19 97 38 74 23 51 100 83 28 10 85 74 8 50 63 70 10 74 78 43 32 88 94 19 19 1 3 100 8 58 42 38 30
89 95 51 44 96 41 51 37 11 73 75 75 87 34 98 13 85 62 26 49 77 64 65 37 22 18 5 61 57 31 39 87 31 70 41 10 83 33 28 98 75 13 39 46 83 43 82 56 51 81 15 89 28 36 62 21 84 65 76 90 92 33 90 23 50 6
88 85
26 10 7 7 79 85 63 59 84 95 69 58 90 79 25 51 96 95 54 54 39 4 79 91 29 13 38 20 26 23 97 32 80 92 60 96 17 98 40 98 96 66 96 33 92 96 91 75 30 54 63 37 77 11 53 36 4 52 48 88 95 31 8 100 6 66 91 41 47 27 62 85 78 69 47 87 23 50 70 32 64 48 36 41 40 19 79 15
19 48 99 99 33 56 17 28 52 64 32 22 48 42 9 44 83 4 72 49 56 64 59 17 29 50 72 5 56 72 45 86 48 40 94 55 42 70 30 62 67 20 86 37 55 84 67 28 41 98 27 91 9 95 60 100 99 46 96 83 74 60 46 87 45 87 81 5 14 26 47 71 15 30 76 97 64 87 60 71 34 57 75 47 10 47 32 98
60 78
21 46 32 50 32 39 47 33 71 27 82 23 3 67 28 9 99 46 18 70 66 9 70 86 40 50 57 83 60 58 5 29 11 74 19 46 29 69 85 56 76 80 9 71 35 98 38 48 22 99 35 62 92 18 24 79 33 83 37 88
100 58 24 77 80 63 8 4 39 56 26 74 54 48 99 40 29 6 53 10 40 100 63 44 36 97 38 14 69 68 8 34 1 17 86 65 72 85 13 10 29 48 40 47 39 86 89 11 39 36 6 26 65 33 90 57 39 27 100 30
14 62
4 83 20 2 72 70 10 35 22 94 89 100 63 11
14 38 42 33 76 87 20 67 89 32 75 68 29 53
9 97
67 30 4 17 91 91 17 67 99
54 71 6 35 31 48 75 43 91
36 69
63 76 71 38 40 33 45 96 78 42 62 41 2 61 30 26 38 14 71 22 89 87 55 48 93 95 88 57 62 91 46 29 39 78 2 82
71 4 32 65 94 87 15 60 25 91 13 23 11 98 99 90 42 10 95 81 68 60 95 12 89 52 79 93 8 1 34 37 85 71 84 69
81 77
69 56 13 63 62 95 44 10 67 65 68 90 71 27 10 9 89 68 53 47 4 35 81 76 19 78 93 44 7 64 80 63 9 64 93 38 49 55 46 77 100 7 30 16 43 56 13 71 67 95 81 4 57 45 10 46 57 62 36 74 56 60 9 57 57 6 37 71 2 25 19 79 69 80 53 10 5 6 34 69 83
79 95 4 60 59 56 82 34 91 99 65 23 43 84 26 88 30 62 49 85 19 99 19 74 44 72 46 76 89 41 96 7 71 73 1 47 83 8 3 15 62 58 6 81 27 82 6 68 56 55 76 81 43 36 3 68 65 63 42 84 52 27 54 4 85 80 86 63 93 81 74 21 74 4 91 78 44 7 95 100 92
16 78
27 79 87 96 69 18 47 23 9 37 37 50 19 79 45 30
80 6 40 32 17 86 3 14 49 80 58 89 54 12 28 32
49 85
66 53 94 58 19 97 73 97 6 20 84 50 77 99 76 21 1 24 84 31 98 37 43 87 64 41 1 63 41 40 25 20 14 33 90 96 34 47 34 96 26 86 59 22 48 89 74 68 3
16 38 8 67 16 66 69 56 5 27 51 72 40 4 99 17 52 33 26 88 88 66 77 13 46 35 72 64 21 26 73 7 3 48 79 28 30 49 72 22 28 11 73 86 43 56 62 84 68
6 87
15 21 86 3 72 54
33 99 99 2 15 50
37 53
92 3 78 61 91 80 4 93 53 72 38 72 99 48 98 11 51 83 13 95 93 91 95 2 63 56 19 59 83 100 82 97 17 52 13 83 35
70 3 4 68 18 38 93 7 19 42 96 18 56 63 68 98 84 89 62 76 39 36 55 16 12 20 67 95 61 66 71 25 29 9 33 18 15
94 84
65 11 38 53 47 7 99 26 28 68 17 5 87 31 35 65 52 19 73 81 34 15 47 37 51 79 63 27 63 90 5 22 88 4 62 93 49 51 49 8 55 96 41 16 83 98 39 51 2 90 85 85 41 49 72 71 39 17 67 20 6 64 5 64 48 75 80 29 12 29 16 48 63 47 77 55 21 2 41 17 27 27 96 64 30 100 96 9 23 74 93 24 57 84
11 2 77 62 16 71 25 36 60 70 50 23 63 19 6 57 53 51 36 28 3 54 59 2 61 13 4 20 26 7 21 81 17 55 100 25 55 82 36 41 66 83 49 21 78 26 47 19 97 86 88 52 61 44 35 34 74 41 78 15 11 34 32 70 66 98 43 79 50 63 14 100 79 41 95 6 38 30 31 36 49 38 76 30 23 60 93 68 55 83 91 79 27 27
32 74
31 88 1 80 34 20 94 56 87 49 97 76 33 42 6 7 84 71 7 54 90 40 87 97 41 2 8 42 72 53 32 5
73 70 63 16 84 20 13 36 10 64 31 44 5 61 15 64 93 61 71 88 47 13 86 39 73 19 49 44 44 16 16 25
89 79
54 18 67 62 34 91 6 10 88 85 75 7 25 14 30 22 51 71 49 42 66 92 96 6 9 97 36 75 60 43 70 59 24 97 75 20 68 64 17 53 34 44 24 66 17 17 75 35 35 9 85 2 100 43 27 40 4 79 41 22 3 4 82 14 16 30 94 2 21 28 74 81 16 30 3 14 12 18 33 9 55 82 49 100 54 80 51 15 77
74 68 19 57 62 96 14 90 8 55 98 67 94 30 71 36 21 93 41 14 45 68 20 99 49 14 61 21 94 76 81 16 15 26 37 96 10 56 97 31 76 98 6 83 39 81 49 16 10 19 15 26 5 11 78 56 80 52 27 55 4 56 97 15 42 8 30 84 23 58 33 72 5 74 94 26 75 90 30 93 53 59 82 3 87 36 39 71 51
17 73
34 7 96 83 87 62 12 15 75 73 99 79 99 40 98 18 74
71 78 91 74 28 32 59 86 48 91 36 26 11 75 67 79 10
80 77
95 49 66 7 49 64 60 47 19 31 8 68 52 37 98 52 11 86 53 43 69 11 75 45 70 85 45 100 30 4 68 52 41 42 35 62 67 59 58 100 49 83 41 14 98 79 11 100 70 41 71 28 87 29 74 67 53 60 49 24 88 50 88 52 15 96 11 90 51 52 5 27 80 69 2 49 87 66 11 47
1 25 32 64 62 48 56 74 74 85 92 48 79 4 12 63 93 7 3 98 10 37 5 38 76 1 18 91 44 45 34 44 20 49 44 71 89 17 43 95 24 24 14 1 43 88 28 40 62 63 21 42 84 4 63 33 53 63 45 64 30 70 72 74 76 61 66 7 4 75 66 82 67 42 36 82 32 40 28 8
65 62
83 77 76 45 69 36 47 82 32 35 82 17 47 56 84 69 64 15 60 57 38 83 64 68 61 30 24 65 19 66 14 14 12 17 12 20 10 42 93 26 57 45 74 41 68 99 29 58 47 80 76 20 20 56 71 93 9 55 20 45 84 92 99 70 10
4 23 97 14 100 8 53 86 5 19 60 71 78 45 50 85 11 23 88 71 46 42 27 6 50 41 75 8 4 7 94 60 13 22 23 85 59 78 85 76 17 81 82 35 68 88 100 58 91 41 81 28 63 74 22 82 36 23 99 26 55 82 36 93 34
