201
95
11 14
1 3
8 11
28 51
1 2
10 29
19 60
67 84
24 88
80 92
15 20
58 64
1 34
1 42
66 73
43 53
80 93
34 43
31 50
3 19
7 10
16 49
43 66
4 68
61 67
4 9
5 8
44 78
4 7
4 6
61 79
5 83
37 56
32 37
44 58
40 41
6 27
2 5
29 89
14 18
5 63
66 70
1 16
10 15
16 26
55 57
4 65
1 21
7 22
60 61
5 77
13 35
14 23
25 30
56 80
12 17
9 52
5 36
21 38
24 46
81 85
18 40
28 48
1 62
50 86
57 82
14 59
9 24
27 39
6 25
24 72
40 91
20 33
36 81
65 75
7 94
3 13
2 4
88 90
22 44
4 32
47 54
25 74
44 55
27 69
4 31
68 87
28 45
71 76
53 71
36 47
4 28
44 95
9 12
99
24 31
2 3
3 68
20 30
49 90
51 72
26 94
1 2
16 42
40 52
58 63
6 40
10 46
25 77
22 79
40 47
23 32
27 73
8 11
15 20
75 95
39 80
3 70
31 69
4 22
24 27
20 25
10 23
16 59
2 10
22 41
78 84
44 83
17 64
29 56
37 53
19 81
45 51
1 4
8 36
3 12
3 7
34 45
5 17
4 97
33 75
19 61
3 9
11 65
10 14
51 60
18 38
34 54
88 92
52 91
47 66
3 62
2 6
34 49
24 82
34 96
18 43
3 5
76 86
30 34
13 87
17 26
12 93
6 50
4 39
20 76
13 16
7 8
31 35
20 21
51 99
4 55
3 57
2 28
11 13
70 71
69 85
1 19
4 24
24 37
87 98
11 48
7 29
11 15
21 44
29 67
8 18
27 88
19 89
10 78
24 33
47 58
15 74
38
3 22
3 4
1 10
35 38
2 3
27 28
33 35
9 15
8 17
23 26
2 12
12 30
9 25
14 27
14 24
1 2
14 20
8 18
22 36
5 8
7 23
15 32
6 9
2 7
3 6
12 19
1 13
4 33
9 14
20 29
3 5
6 11
36 37
15 16
12 21
26 31
20 34
62
16 53
37 41
50 52
13 59
38 49
26 35
2 17
1 16
6 10
9 12
4 19
3 26
39 40
15 36
56 62
16 61
2 32
7 22
37 42
51 54
2 20
1 5
2 4
1 2
15 29
46 51
8 33
2 8
8 9
16 56
24 30
1 23
23 44
3 45
6 7
21 25
40 50
28 31
1 6
37 58
27 39
2 48
13 43
16 18
17 21
19 28
12 15
21 27
2 3
13 37
11 34
29 55
9 11
3 57
3 60
11 13
12 14
10 24
29 46
17 47
4 38
15
7 12
7 9
4 11
8 15
3 7
12 13
1 10
3 4
1 2
12 14
5 6
2 3
4 5
6 8
40
1 15
19 27
10 34
9 19
19 28
2 12
14 18
3 6
9 13
29 33
7 10
6 29
5 8
21 25
6 32
3 20
18 31
3 9
2 11
1 2
23 30
1 38
4 17
18 22
9 21
2 5
1 3
20 23
13 16
21 26
7 37
14 24
3 4
3 7
9 35
22 39
4 14
30 36
6 40
37
7 8
16 25
3 4
7 10
11 32
2 13
8 20
14 33
2 15
13 36
6 26
1 9
7 22
10 11
9 27
2 12
14 18
10 14
1 17
2 5
1 2
6 21
14 29
8 16
8 19
5 7
29 37
25 34
2 6
9 31
22 23
1 3
23 35
21 28
18 30
11 24
84
1 9
3 28
2 44
49 51
5 7
41 49
10 37
1 38
33 83
2 4
5 16
15 24
6 11
54 65
33 67
3 10
35 60
1 2
19 23
72 82
10 50
2 6
10 40
3 8
1 5
4 76
24 25
11 21
53 58
16 63
8 32
45 84
26 73
68 75
27 66
37 43
10 57
9 17
11 35
8 22
7 42
28 71
9 41
67 79
58 64
42 55
3 18
9 12
29 36
16 45
19 39
19 56
5 53
30 52
14 59
8 14
7 34
8 80
26 72
6 70
19 20
31 47
3 61
15 31
9 77
30 78
14 27
5 62
43 74
3 13
1 3
8 30
23 26
53 54
37 68
29 46
10 29
8 33
45 48
12 15
13 81
3 19
27 69
4
1 3
1 4
1 2
87
1 2
24 33
7 17
28 41
2 27
14 82
9 16
1 37
14 61
22 26
41 75
14 24
83 87
68 79
2 72
4 9
11 21
43 44
16 19
12 35
9 15
7 11
15 47
49 77
5 39
2 68
5 8
17 56
33 52
31 73
66 84
49 58
50 74
16 80
7 22
46 71
3 59
5 42
31 65
27 83
11 23
37 57
46 63
3 7
13 30
15 28
43 46
12 62
30 45
52 66
17 32
3 4
14 70
3 6
24 69
18 78
23 60
1 5
11 54
12 36
18 53
47 85
9 14
8 29
23 76
11 25
30 40
16 31
42 50
10 48
8 86
8 20
2 10
27 49
29 38
4 13
5 43
42 81
4 34
7 12
1 3
4 55
17 51
6 64
10 18
16 67
81
2 57
5 63
26 61
33 34
32 76
23 68
7 52
4 7
68 75
9 66
34 54
23 72
9 14
48 51
48 71
18 65
7 9
13 49
20 24
6 12
57 79
5 26
2 32
17 35
11 21
12 62
7 11
25 78
14 19
6 37
16 27
6 73
7 8
13 15
9 45
3 16
17 43
2 3
1 5
33 70
54 60
7 50
23 41
7 33
19 47
5 30
18 28
9 23
11 13
1 4
28 31
7 46
8 74
16 77
3 81
12 22
9 10
41 80
2 42
33 56
26 55
32 64
3 58
3 44
17 36
4 6
65 67
28 39
46 53
11 20
6 18
9 25
7 38
1 2
1 59
42 48
31 40
13 17
8 29
25 69
5
4 5
2 4
1 2
1 3
54
2 8
30 42
22 35
1 2
2 3
28 51
37 48
17 23
25 29
8 34
6 37
4 30
7 27
42 53
1 5
4 7
22 40
3 4
27 28
50 52
18 50
4 15
15 18
14 49
3 11
17 41
9 26
24 25
6 19
7 20
1 14
10 12
43 45
11 22
12 47
21 38
23 43
10 31
3 10
25 46
5 24
3 9
14 54
5 44
21 32
8 13
9 17
20 33
6 36
3 39
4 6
14 21
1 16
66
14 32
5 10
11 33
14 27
2 31
21 57
46 49
11 42
11 60
36 39
3 12
13 43
6 23
43 51
5 35
24 37
57 65
5 26
35 54
2 16
5 6
3 34
6 61
30 44
5 50
61 63
1 2
12 28
3 5
1 9
7 8
1 59
10 14
16 18
16 20
31 56
7 11
7 25
32 48
29 64
34 38
2 19
28 41
14 52
13 45
26 29
31 66
10 17
21 53
11 30
12 13
10 47
2 55
9 62
10 15
30 40
1 7
15 22
2 3
11 36
5 24
2 21
2 46
34 58
1 4
84
36 64
4 14
4 30
17 31
15 28
25 52
60 81
58 76
13 41
18 71
25 51
21 56
14 17
19 80
31 49
20 36
38 78
15 34
37 67
35 45
64 84
28 37
1 4
13 27
13 19
45 59
54 58
1 29
37 38
29 75
31 66
1 3
41 42
15 83
52 69
27 63
39 40
7 48
3 26
15 32
10 11
1 7
51 53
29 68
3 55
14 39
42 43
36 65
4 8
3 21
9 13
14 18
2 73
22 23
1 12
14 70
14 22
31 79
74 82
3 16
17 25
23 47
47 61
5 6
4 20
55 57
16 77
26 74
21 24
2 54
22 44
18 46
5 15
3 5
25 35
7 10
24 62
6 9
51 60
57 72
1 2
13 33
37 50
48
20 44
27 41
2 23
3 19
3 22
20 21
20 45
15 36
5 13
15 24
18 32
30 34
10 15
2 6
4 17
18 26
14 30
23 40
1 2
11 12
2 27
14 29
11 48
11 37
21 31
17 46
21 25
6 28
3 33
17 42
7 18
3 7
9 16
3 5
2 3
4 10
16 38
16 43
9 11
1 4
25 47
7 8
23 35
1 9
12 14
28 39
14 20
64
7 37
14 57
6 13
44 51
50 54
52 62
7 9
23 32
7 46
14 45
41 50
29 49
3 11
24 30
7 28
25 56
20 31
5 12
1 15
32 47
10 48
46 59
4 8
6 22
43 64
2 35
24 55
6 23
12 16
50 58
3 6
16 42
1 2
2 19
5 36
12 43
3 7
2 60
14 24
35 40
1 5
17 26
24 29
4 18
3 21
20 34
35 41
30 39
9 25
6 10
10 20
1 4
14 44
11 14
22 52
20 27
18 33
1 17
22 61
1 3
18 53
27 38
29 63
81
11 15
63 69
1 2
20 49
30 32
6 9
3 23
75 78
2 5
9 73
10 26
1 3
15 47
15 65
24 37
21 61
46 81
4 12
5 11
3 21
18 45
60 62
36 74
1 8
60 67
1 31
38 68
13 28
4 50
1 56
12 36
35 48
2 13
19 33
35 72
8 27
24 77
41 64
3 34
2 16
5 24
13 19
30 41
34 52
36 42
4 44
15 40
45 58
10 75
47 55
47 71
21 25
18 29
5 6
6 76
10 63
22 43
8 80
13 17
20 79
1 4
10 18
24 30
23 70
19 20
8 53
32 46
3 7
5 35
50 66
49 51
13 14
18 38
2 39
8 22
17 54
30 57
11 59
5 10
47 60
49
2 24
2 42
11 12
6 7
17 43
16 30
22 25
3 15
12 35
10 13
26 27
1 2
39 45
11 28
1 17
16 29
24 39
8 14
23 44
2 3
20 32
15 31
11 16
10 46
24 38
5 22
5 10
6 8
19 21
22 23
2 6
4 9
3 34
4 5
16 36
36 48
28 41
3 37
39 40
6 47
18 20
7 18
18 26
45 49
18 19
7 11
14 33
3 4
16
5 12
1 2
14 15
1 4
13 16
3 5
7 10
1 14
5 6
8 11
1 3
10 13
2 7
6 8
5 9
26
21 25
13 18
17 19
4 10
1 2
6 7
4 9
22 26
1 3
11 23
6 11
1 4
12 22
15 20
3 15
6 8
11 13
7 16
1 12
11 14
4 5
16 24
2 6
3 21
12 17
73
42 50
3 4
2 34
26 52
1 2
36 48
1 59
1 11
7 10
41 55
1 20
20 58
10 54
9 30
2 5
29 37
47 61
13 17
34 49
17 35
54 65
4 7
43 70
9 25
40 51
38 69
6 9
4 6
27 36
1 3
42 45
34 60
9 43
8 44
22 68
27 42
2 31
35 62
23 63
7 14
23 41
13 33
9 12
2 13
20 39
32 64
4 46
11 15
42 67
33 53
28 32
17 24
9 27
33 57
13 18
18 71
19 23
7 8
11 29
31 40
46 72
30 38
7 22
13 19
43 47
15 26
1 66
21 56
58 73
12 16
9 28
19 21
68
1 7
7 9
20 34
36 44
3 14
1 6
8 16
36 43
9 13
47 59
11 51
2 3
33 56
10 46
5 35
15 41
1 38
11 12
11 52
29 66
27 45
6 68
42 63
9 15
15 21
24 29
37 58
16 25
3 4
13 30
13 31
34 64
3 11
20 26
45 61
2 10
37 40
5 23
13 57
27 33
43 48
26 60
24 67
37 42
34 65
4 5
17 24
3 17
4 19
12 20
1 2
5 28
13 47
49 50
29 49
20 32
9 22
23 37
5 18
10 54
8 55
21 62
23 36
6 8
17 39
42 53
21 27
69
25 54
5 30
28 57
23 49
1 39
33 38
25 33
30 41
36 40
10 26
4 15
30 35
2 10
12 43
3 13
30 68
40 53
28 48
17 51
28 42
1 2
5 6
1 34
7 25
13 16
15 17
7 9
25 45
1 20
1 22
6 7
6 19
11 69
56 58
7 12
27 44
39 46
2 64
18 21
21 37
7 24
42 56
20 29
1 4
24 31
17 36
18 47
8 11
29 67
21 63
3 27
15 23
43 55
2 3
3 18
33 60
4 14
39 61
14 28
12 32
17 50
53 65
38 52
2 5
36 62
44 66
7 8
36 59
99
2 38
5 19
34 44
45 58
39 78
3 20
25 37
23 49
3 97
7 79
3 21
10 54
26 32
44 77
59 88
3 16
6 8
51 76
37 60
3 10
4 28
3 82
11 56
9 23
3 52
50 75
15 63
2 4
12 48
31 40
19 81
54 64
2 7
43 59
44 67
23 50
1 2
41 47
75 89
35 62
7 34
45 98
17 69
67 96
36 55
67 72
1 3
16 36
15 35
38 41
9 27
11 14
9 12
37 94
37 42
1 6
42 70
44 85
12 71
20 93
7 53
43 57
40 68
3 9
14 33
7 11
81 83
27 30
8 15
2 39
54 95
27 29
26 84
5 13
42 45
1 17
80 87
32 73
71 99
26 46
17 25
21 31
9 18
20 24
2 43
27 91
29 92
65 90
16 26
17 65
60 80
68 74
29 86
35 51
43 66
18 61
9 22
3 5
75
15 25
8 28
10 22
22 35
32 45
19 47
46 74
57 64
11 15
23 31
1 9
23 73
1 50
1 4
20 41
26 67
9 30
5 44
37 71
9 11
37 66
53 62
15 60
12 39
8 34
49 70
42 54
34 42
47 57
11 24
14 37
5 7
6 38
26 56
2 52
24 43
10 23
16 18
12 13
2 16
24 61
6 12
33 40
8 33
1 2
19 58
9 19
2 6
10 17
43 51
3 8
18 29
32 65
13 21
5 46
46 49
2 3
58 63
7 26
36 68
2 14
2 5
22 53
19 59
24 48
4 10
26 55
4 20
16 27
60 69
12 72
15 32
23 36
37 75
35
8 17
10 23
11 12
4 14
1 7
3 15
4 28
4 6
18 21
18 22
24 27
8 34
1 3
8 13
5 11
19 25
1 2
6 9
16 20
15 19
6 32
25 31
5 10
21 35
27 30
1 18
20 33
3 5
2 8
13 26
4 16
10 24
22 29
3 4
14
4 11
6 12
3 8
2 4
3 7
1 2
6 9
2 3
12 13
2 5
7 10
3 6
11 14
94
4 66
21 78
9 12
66 77
45 94
75 76
8 28
34 56
14 26
31 42
5 6
77 82
19 64
45 57
3 23
61 91
35 59
26 27
13 17
30 32
2 5
46 67
49 87
7 13
26 63
50 81
20 71
10 15
16 29
4 20
23 25
6 72
22 44
5 8
7 22
77 89
54 69
31 62
21 60
57 70
1 35
21 55
31 75
13 36
17 39
12 16
85 88
1 2
20 84
47 61
8 31
9 41
6 21
50 83
23 30
33 74
21 24
36 68
15 34
13 18
2 80
1 4
17 85
1 3
1 9
45 52
10 54
11 40
8 37
7 14
6 11
44 47
75 79
16 49
2 7
31 93
34 51
72 73
7 10
45 92
8 19
17 38
42 58
77 86
19 53
68 90
21 45
1 50
23 33
34 46
4 43
43 65
41 48
47
25 35
29 30
1 15
1 2
10 42
25 29
24 31
1 22
2 6
13 19
12 13
6 46
39 47
4 7
1 5
14 34
23 25
5 8
22 43
8 16
22 27
22 41
5 9
13 40
6 21
12 14
1 23
3 4
40 44
25 45
35 36
13 33
5 17
14 20
1 12
20 26
9 39
13 18
12 32
19 37
1 3
5 10
14 28
3 11
18 38
21 24
19
1 2
2 8
4 12
8 18
1 9
1 17
2 6
3 5
14 15
5 7
8 13
11 14
1 3
1 4
11 16
12 19
5 10
6 11
41
15 34
10 13
21 31
7 37
12 17
1 25
28 36
16 30
13 22
14 15
6 23
7 10
23 41
15 21
2 8
1 3
3 18
2 7
24 32
13 24
25 28
22 27
1 2
13 29
2 4
4 9
1 20
22 39
35 38
6 33
19 40
5 6
5 11
13 26
10 12
2 14
6 19
4 5
7 16
10 35
94
59 78
4 89
39 75
36 46
55 65
34 76
5 20
29 55
42 50
23 39
46 67
17 27
14 35
10 61
37 54
27 48
22 29
1 26
39 40
27 83
1 2
36 43
15 17
12 23
45 87
1 11
29 42
62 63
3 5
4 13
42 71
5 14
6 52
20 32
18 24
73 74
8 15
31 36
38 47
17 18
24 94
70 88
1 16
25 37
3 51
23 72
6 8
9 38
13 21
2 3
2 4
48 93
30 82
29 59
31 91
30 57
15 22
5 10
23 80
4 45
23 62
71 79
2 6
47 68
32 60
23 77
82 86
42 44
52 56
33 92
5 19
1 28
10 12
86 90
2 9
62 84
51 64
32 58
5 34
13 70
6 7
4 49
18 25
20 41
15 30
60 81
29 73
2 33
2 66
28 69
39 85
9 53
12 31
74
2 66
22 38
11 53
25 27
1 3
18 56
21 34
9 15
29 64
24 26
30 50
58 60
2 45
12 16
11 54
9 10
36 71
9 68
27 28
3 33
12 24
2 14
2 7
60 72
42 43
8 17
4 61
63 69
1 2
10 12
2 19
16 23
30 39
9 21
39 47
48 63
19 57
4 6
5 8
32 62
31 46
21 31
37 41
39 48
10 73
10 22
6 13
7 70
12 65
38 44
20 67
15 20
31 58
31 52
11 30
23 55
5 9
25 59
7 11
30 49
23 37
21 32
2 4
31 36
22 35
26 51
2 5
23 25
13 42
3 18
17 29
32 74
25 40
33
19 24
4 7
14 23
7 27
3 8
5 20
4 5
1 12
14 19
1 2
17 22
22 28
3 6
8 11
11 21
11 25
24 29
12 18
2 4
7 31
7 13
3 16
10 17
17 33
4 15
1 3
25 30
17 32
2 10
19 26
4 14
8 9
18
13 15
2 3
1 4
3 11
17 18
3 6
10 14
4 17
7 13
8 9
4 8
10 12
1 2
4 5
6 10
4 7
2 16
8
5 6
3 5
1 3
1 2
2 4
1 8
6 7
68
2 20
26 45
36 58
53 59
1 12
5 14
35 47
4 17
10 22
13 39
1 24
1 2
2 10
9 13
41 56
21 25
1 4
19 57
3 23
37 44
23 43
24 26
24 42
31 34
8 16
2 9
2 7
12 29
40 51
13 15
6 36
43 61
2 19
24 60
16 31
28 37
28 38
28 63
2 3
28 48
3 18
19 65
34 54
24 46
39 55
49 53
6 8
2 6
25 28
26 49
20 62
3 5
13 35
12 30
33 40
40 66
9 33
18 32
2 21
5 41
10 11
54 64
42 68
53 67
9 27
30 52
36 50
84
31 67
4 5
22 34
9 13
15 32
17 73
1 2
20 64
3 20
22 75
10 48
14 23
43 66
2 4
30 57
7 8
19 36
24 71
19 78
5 45
3 31
62 65
40 72
19 30
19 61
1 11
54 59
20 46
8 76
2 80
31 42
3 33
5 6
5 55
59 82
10 12
6 40
31 51
26 43
40 69
19 49
14 25
3 58
11 37
3 53
31 52
48 50
31 77
43 63
43 68
18 22
15 79
2 29
14 60
5 14
3 17
23 39
8 35
21 44
45 54
13 62
1 3
7 9
7 27
2 15
2 10
2 19
5 70
35 38
27 28
79 83
20 56
33 84
11 47
25 74
24 41
37 81
16 21
14 16
2 7
18 24
3 18
13 26
22
14 20
3 7
16 17
3 10
4 16
5 15
3 8
7 18
3 4
20 21
1 3
5 14
3 5
4 12
6 19
1 2
4 22
3 13
8 9
3 11
1 6
70
65 68
2 5
5 15
25 33
1 2
10 59
45 50
5 9
29 30
25 52
1 46
36 41
17 25
11 22
6 56
3 6
6 35
11 43
7 38
32 67
3 21
12 65
4 12
12 34
9 45
14 17
18 23
26 51
4 60
29 55
12 31
52 58
2 13
4 8
10 19
1 14
22 37
8 42
46 49
6 27
9 61
2 4
54 66
2 11
5 24
14 26
18 44
2 3
28 47
21 36
34 63
2 40
23 53
11 16
39 70
21 32
7 57
32 48
3 7
12 18
24 62
28 39
5 64
13 20
5 10
62 69
47 54
15 29
16 28
89
26 67
2 4
15 47
47 76
13 18
6 8
2 3
44 53
1 17
40 89
4 31
4 68
16 85
1 12
17 77
51 69
47 54
3 11
13 78
7 28
7 14
11 44
34 51
35 87
31 42
5 15
45 75
11 64
6 25
21 81
71 80
26 29
20 59
1 66
10 83
11 19
11 33
1 2
29 46
2 34
14 86
33 84
11 20
21 30
42 55
24 48
21 52
3 74
18 62
10 13
2 49
21 35
12 22
31 39
13 26
33 36
20 40
2 72
26 27
1 61
27 41
54 58
5 10
27 57
65 82
18 38
11 37
30 43
10 88
54 60
8 23
56 65
7 16
74 79
3 7
2 9
70 73
21 56
4 5
6 24
26 45
39 50
21 71
12 32
12 21
3 6
3 70
47 63
46
3 4
15 20
9 34
1 5
10 11
27 30
12 17
6 10
8 38
16 23
9 18
3 22
3 35
1 21
5 16
3 6
4 13
1 3
6 9
3 33
10 27
6 42
35 37
21 43
4 14
7 40
7 15
24 26
17 44
3 32
10 31
41 46
7 8
27 45
14 25
23 28
23 39
9 24
16 19
17 29
10 12
9 36
2 7
1 2
29 41
38
13 24
20 23
9 31
12 19
13 28
4 5
2 21
17 30
5 36
24 29
13 17
21 38
9 10
1 32
10 15
7 16
14 18
18 33
4 12
30 37
16 25
17 20
5 14
2 34
1 2
1 3
27 35
26 27
8 11
6 8
3 22
4 9
14 26
4 7
5 6
8 13
3 4
33
3 20
2 28
2 3
3 26
2 9
4 13
14 30
2 6
8 15
1 16
7 18
2 7
7 23
6 22
1 5
23 27
1 2
6 17
9 11
7 10
7 21
2 24
10 12
24 33
6 19
5 8
9 14
16 32
21 29
5 25
5 31
2 4
90
45 62
14 18
28 86
64 76
2 8
80 83
7 10
1 3
42 43
2 45
28 30
1 13
70 74
4 19
13 46
62 85
29 37
11 47
13 61
62 75
26 80
21 26
48 65
25 27
1 23
33 39
29 53
23 54
9 16
52 78
13 36
19 21
49 52
5 24
10 14
16 44
35 49
1 12
50 55
1 28
6 7
25 31
45 77
42 71
24 79
2 4
86 88
14 17
7 72
4 6
63 70
1 22
3 15
79 89
15 38
58 87
21 59
57 69
34 42
34 84
16 40
24 66
3 48
54 64
33 67
43 73
48 60
62 81
21 56
8 20
1 2
1 9
50 58
2 34
11 25
27 29
56 68
7 35
1 5
9 11
42 51
60 90
17 33
44 63
4 50
32 41
49 82
5 57
15 32
16
4 5
1 13
1 3
3 9
5 6
5 7
1 2
2 4
10 16
8 10
4 11
6 12
5 8
9 14
3 15
37
16 23
3 14
1 32
1 17
8 15
3 10
33 37
2 3
5 31
4 7
10 16
16 30
3 8
4 22
3 21
4 28
14 20
1 2
22 36
3 13
3 4
16 25
2 5
9 33
3 12
2 6
5 34
3 9
7 18
25 26
6 19
7 35
19 27
27 29
8 11
15 24
35
25 27
2 22
6 21
19 33
2 8
23 30
1 2
8 13
13 29
2 31
13 34
1 5
15 18
15 25
12 17
15 35
9 14
13 16
15 23
8 10
11 24
4 9
1 26
4 7
9 28
1 4
2 6
3 20
16 19
9 11
18 32
10 12
7 15
2 3
38
2 22
12 38
3 5
2 4
15 23
17 27
2 3
27 32
2 6
1 25
17 24
12 18
7 36
2 11
27 30
6 16
5 21
23 35
1 2
9 19
6 8
5 29
5 15
11 20
11 13
4 10
3 26
33 37
2 7
4 14
11 28
6 31
2 17
10 33
7 9
5 12
6 34
17
6 8
7 13
1 4
11 15
6 11
8 9
5 12
13 16
11 17
2 3
1 6
1 14
1 2
3 5
5 7
1 10
74
16 17
21 68
44 58
8 37
10 44
9 11
11 18
34 38
33 59
68 70
2 22
45 57
16 48
1 2
49 51
19 23
3 56
19 36
4 5
24 41
2 20
1 24
32 50
2 25
32 45
1 28
1 4
46 47
10 27
26 62
25 60
12 30
7 26
5 31
51 71
2 32
57 74
3 14
2 3
27 61
2 67
4 7
1 52
24 34
16 35
4 16
30 46
14 42
9 15
29 65
38 39
2 53
1 6
32 64
6 54
2 19
17 43
7 9
2 10
32 40
39 63
25 73
8 72
8 13
34 66
18 21
31 55
5 8
21 29
35 69
35 49
7 12
30 33
92
74 84
82 91
10 44
2 4
15 21
11 73
3 23
12 41
34 86
45 48
13 30
17 22
24 63
1 24
46 49
17 27
53 71
45 65
26 33
90 92
37 70
9 26
38 75
7 18
2 9
71 89
9 17
10 72
20 66
2 42
17 62
2 29
46 87
28 31
29 51
38 64
4 85
7 14
23 45
14 16
30 83
64 68
39 55
4 34
7 13
2 10
21 67
35 59
21 25
69 74
53 82
40 46
17 38
31 47
11 43
4 5
74 88
15 32
3 11
1 3
5 7
15 40
42 81
17 19
3 56
13 57
23 37
1 2
9 12
34 90
14 20
10 28
6 60
28 77
41 50
11 36
38 58
14 35
51 80
38 79
49 78
10 39
37 61
37 76
7 53
2 8
22 54
11 15
5 6
47 69
37 52
95
4 30
6 16
69 73
28 92
18 32
42 54
1 57
15 56
18 40
47 85
18 21
6 13
11 45
34 39
34 61
37 43
36 82
6 12
14 26
31 59
41 89
1 2
18 44
1 31
16 17
26 79
65 81
36 41
43 58
32 34
12 86
44 75
6 14
22 64
22 67
1 3
2 4
52 83
11 23
24 90
55 69
15 47
31 94
29 42
57 63
27 65
73 91
11 22
3 33
3 18
23 71
15 53
6 51
43 46
28 74
29 35
16 29
9 62
81 87
29 48
1 76
7 9
6 52
27 95
7 8
53 78
30 66
20 70
77 93
30 37
16 20
5 6
16 36
6 77
60 80
26 49
64 68
38 88
3 19
4 27
3 5
19 72
5 28
2 10
16 38
19 24
36 55
34 60
1 15
1 7
2 50
20 25
12 84
9 11
37
2 5
1 2
5 13
16 29
8 37
1 19
3 22
17 18
13 34
8 11
18 36
2 7
1 10
11 16
8 24
10 14
11 20
22 26
7 33
24 28
4 6
16 17
2 15
1 3
8 31
5 30
8 12
28 32
2 4
13 21
9 35
11 25
24 27
1 8
4 9
4 23
81
39 43
58 64
2 68
11 18
14 34
16 65
2 63
33 58
30 39
34 41
7 15
27 71
24 78
19 28
2 4
8 16
35 66
63 81
7 9
2 22
1 3
23 36
66 75
34 57
17 26
32 35
2 10
3 12
33 40
26 30
50 70
1 54
33 44
3 19
14 29
9 37
2 17
1 25
7 11
2 7
3 24
29 55
23 47
6 20
39 48
36 53
7 13
12 61
10 14
2 32
11 23
13 56
1 21
11 52
3 60
32 33
71 80
61 67
8 27
22 31
24 74
1 2
2 49
44 45
3 5
9 42
6 8
54 59
48 79
27 73
34 38
65 77
24 51
40 46
37 72
44 76
2 6
32 69
32 50
41 62
62
30 38
40 50
29 35
14 55
4 16
2 6
1 13
1 5
24 34
48 53
18 48
27 42
2 57
4 10
32 41
29 44
19 51
8 25
16 22
14 32
15 43
17 23
31 37
2 31
2 3
5 47
4 7
11 19
1 11
2 36
8 33
7 56
3 4
25 46
25 30
11 14
18 29
17 60
13 28
4 8
16 18
2 21
21 58
25 45
53 54
17 49
39 62
6 9
43 52
17 39
6 59
33 40
11 15
6 27
15 26
1 2
3 17
10 12
9 24
13 20
14 61
101
6 22
57 92
40 50
5 21
46 72
15 17
35 80
23 58
9 85
11 20
6 23
4 42
1 2
35 86
44 78
17 64
1 66
14 75
35 67
43 54
4 45
17 38
63 88
38 89
39 71
54 57
24 40
37 68
53 69
40 41
22 46
5 6
28 32
34 70
36 73
7 14
9 12
15 37
11 39
30 63
38 48
50 99
40 51
10 29
16 98
19 31
6 47
2 7
1 3
27 56
10 44
29 59
32 52
10 24
7 90
17 33
68 83
56 81
7 8
16 60
7 19
31 34
53 95
24 30
7 10
3 53
13 25
4 15
37 61
14 49
6 16
55 91
15 100
73 79
33 35
4 5
8 9
93 96
1 11
11 13
50 101
1 36
10 28
32 76
1 43
7 27
27 62
15 55
3 26
22 65
52 74
2 18
60 94
40 97
54 84
52 87
69 77
60 93
48 82
1 4
54
37 53
34 44
2 14
10 18
37 41
13 28
3 22
25 39
12 24
2 5
30 40
1 23
10 26
8 11
7 27
3 8
10 25
20 30
7 9
29 32
12 33
1 20
19 36
26 50
14 19
32 49
4 16
5 12
6 7
3 37
19 29
14 17
33 54
28 52
1 21
4 48
13 47
1 34
22 38
1 2
1 3
22 46
31 45
11 51
3 6
6 35
7 10
3 4
13 42
11 15
10 43
9 13
21 31
70
12 51
22 34
2 4
33 52
19 37
10 40
12 22
52 55
16 32
6 43
8 17
12 65
37 61
18 36
10 11
18 62
24 59
44 49
55 56
3 18
11 58
1 64
49 53
4 21
6 13
5 57
24 28
2 5
39 50
6 38
8 42
32 63
24 48
3 12
24 31
19 39
27 33
7 47
4 7
11 14
1 3
16 41
5 15
4 25
10 54
2 29
14 35
31 68
35 44
2 19
54 66
1 6
18 27
5 23
2 9
7 8
19 60
13 16
17 26
39 45
1 2
14 20
1 24
65 70
43 46
15 69
6 10
34 67
19 30
95
54 55
10 74
6 80
16 21
30 52
3 38
26 28
12 81
21 29
24 27
40 83
32 82
10 31
13 24
48 89
2 3
3 5
14 17
23 43
51 77
15 16
4 23
20 30
55 95
23 84
53 65
1 2
32 60
17 35
56 90
65 88
24 36
1 8
30 76
2 12
13 40
1 13
7 25
30 39
27 41
68 85
25 87
5 10
90 91
31 47
25 51
47 94
7 11
40 68
9 70
8 20
24 34
28 42
5 61
29 79
81 86
5 6
18 19
18 45
3 4
24 50
42 53
21 26
47 54
9 57
8 9
27 69
18 64
5 15
39 72
31 67
28 75
72 78
59 71
13 18
7 48
56 66
36 63
38 59
45 46
50 92
19 93
4 62
12 44
15 32
37 49
2 7
5 22
29 37
38 56
16 58
10 14
19 33
43 73
89
21 35
17 22
10 78
41 89
29 82
66 75
21 46
12 62
21 24
2 12
37 52
1 30
59 70
12 23
12 31
8 9
14 20
10 17
9 88
3 66
36 68
24 57
11 44
53 63
12 21
16 39
13 16
12 13
76 77
13 81
10 25
45 80
31 74
9 18
27 37
36 54
14 36
4 83
25 60
6 11
3 19
25 51
14 29
2 5
58 61
16 48
1 65
11 33
18 27
41 53
41 50
10 14
21 67
77 84
4 6
25 58
28 32
5 42
28 41
34 47
44 49
50 59
39 71
26 43
32 79
21 64
4 15
3 7
21 38
45 76
49 72
35 40
5 34
2 8
3 56
8 87
79 85
9 45
3 4
48 55
19 73
81 86
47 69
18 28
1 2
6 10
2 3
1 26
79
19 57
11 61
29 45
52 63
38 39
7 8
1 11
58 70
39 64
10 72
43 77
6 30
7 9
26 51
52 74
30 59
23 56
40 58
2 78
5 24
19 38
17 31
25 69
1 10
12 19
1 28
2 4
13 15
14 40
20 36
2 6
15 52
59 67
10 73
5 25
26 68
25 27
30 60
37 66
55 71
8 12
37 75
9 17
26 47
30 34
7 21
1 2
14 26
23 37
8 43
3 5
4 22
15 53
2 3
23 65
5 46
7 13
13 23
73 79
16 18
8 14
22 29
12 62
6 20
18 33
22 44
1 32
3 50
32 76
27 49
4 7
31 54
40 41
45 55
34 42
22 48
34 35
12 16
48
1 2
24 48
9 41
1 24
4 16
6 15
2 3
11 28
2 5
7 31
10 13
12 26
4 8
7 18
8 9
12 14
5 21
17 45
28 46
17 34
23 35
5 11
23 25
5 12
23 42
1 7
3 4
18 38
29 43
12 30
20 23
1 17
2 29
10 27
4 10
21 36
43 44
19 33
11 47
11 19
1 40
17 20
1 22
30 37
36 39
3 6
9 32
80
64 77
2 3
18 75
26 58
71 79
54 61
3 4
17 39
29 32
22 43
19 54
18 44
12 68
1 30
9 63
46 76
17 22
50 62
18 27
39 72
14 21
20 51
32 66
50 65
14 60
4 18
27 50
43 64
23 29
19 42
39 40
2 7
27 67
26 52
58 73
51 69
5 12
27 48
1 13
14 20
4 38
13 24
5 41
13 28
23 55
18 25
8 10
25 26
7 78
41 53
1 36
20 59
14 56
59 71
2 23
1 2
17 19
25 70
9 16
6 33
3 9
14 45
11 15
12 57
35 37
3 17
12 47
4 6
31 49
29 46
76 80
15 31
3 35
1 11
1 5
7 8
15 34
7 14
51 74
39
1 2
13 20
2 39
5 28
5 19
32 34
3 8
8 15
4 37
24 31
2 13
5 9
3 10
30 33
3 23
4 27
14 35
6 16
17 18
5 11
1 4
1 6
29 36
18 24
9 25
37 38
6 30
12 32
9 21
13 14
2 7
18 22
26 29
13 17
7 12
7 26
2 3
1 5
7
1 4
1 7
1 3
1 6
4 5
1 2
27
3 27
14 24
2 5
12 13
7 11
2 3
1 19
3 4
1 2
7 14
6 26
6 8
3 6
4 22
13 18
4 21
11 16
7 12
4 20
6 10
10 25
12 17
1 7
5 9
1 15
18 23
56
28 44
30 35
15 30
6 40
1 45
18 47
7 9
30 31
7 10
14 19
3 28
1 2
7 25
10 26
4 22
16 36
43 48
3 14
45 51
35 56
19 38
32 49
3 20
5 52
25 54
29 50
34 37
1 4
2 5
36 46
1 7
2 3
44 55
21 24
12 33
16 17
19 23
2 18
4 29
15 16
10 43
4 6
22 27
1 34
10 11
12 15
10 39
34 42
17 41
5 8
17 21
40 53
9 12
9 13
11 32
88
46 59
27 74
11 69
28 62
23 47
26 32
11 77
6 19
48 65
14 28
3 8
19 23
32 33
8 15
48 84
37 38
4 22
1 2
4 79
5 80
18 51
15 17
33 73
7 34
7 45
37 54
1 6
57 71
26 29
13 18
11 81
68 83
2 4
7 52
28 85
5 44
6 55
8 35
8 9
43 60
35 67
5 13
20 36
25 58
27 64
2 11
19 43
4 27
38 66
29 50
9 82
42 87
21 46
1 31
13 24
19 20
2 12
3 21
1 3
4 16
39 40
26 37
2 5
12 14
31 76
40 88
38 39
42 53
36 57
22 72
21 56
2 49
1 7
51 61
19 42
58 68
26 78
25 26
7 63
76 86
12 25
10 30
1 75
55 70
20 48
1 10
35 41
24
3 11
12 15
6 19
6 18
1 3
18 22
4 12
7 16
5 8
1 9
13 20
1 6
1 2
2 23
2 13
6 14
10 17
1 7
23 24
11 21
3 4
4 10
1 5
47
19 23
5 7
11 20
5 9
15 21
20 39
12 30
20 45
3 18
1 16
20 22
5 33
19 40
23 24
18 42
27 36
3 15
3 8
1 2
25 43
2 6
18 44
2 32
14 31
2 4
4 10
10 11
1 13
2 5
4 34
1 3
18 19
2 17
22 41
17 28
4 38
16 47
24 29
17 37
5 14
4 25
15 27
7 12
2 26
19 46
24 35
6
2 3
1 6
1 2
1 5
1 4
92
59 61
2 8
44 47
16 58
46 54
43 74
27 49
36 70
37 50
37 53
12 43
40 46
36 41
3 4
41 45
14 22
21 56
2 10
9 69
2 6
2 5
33 37
13 34
61 67
14 21
59 72
48 62
2 30
15 31
30 35
5 12
53 80
3 65
65 81
42 66
50 71
6 86
50 52
7 16
49 92
5 7
2 32
19 29
1 82
4 15
39 76
13 24
11 18
20 33
25 42
14 19
82 83
16 75
62 64
3 14
45 84
11 40
43 57
18 23
17 25
46 51
4 9
2 78
47 63
44 73
1 3
1 11
49 68
37 39
10 36
33 59
1 2
33 60
37 91
23 48
68 77
27 44
57 79
52 90
58 87
58 89
26 28
30 55
14 26
7 38
13 17
44 88
5 27
3 13
16 85
11 20
8
3 6
7 8
2 4
1 3
5 7
2 5
1 2
52
8 47
28 31
6 16
25 35
22 25
12 13
16 19
6 12
2 5
17 43
4 29
10 39
19 37
5 22
32 44
12 18
3 32
26 51
3 17
5 20
13 36
16 28
1 2
9 34
6 11
3 41
44 48
4 7
23 24
16 30
7 33
24 49
1 42
36 45
1 6
5 14
8 23
1 4
13 15
8 9
25 46
2 3
9 38
6 10
14 50
6 26
12 52
7 8
1 27
8 21
14 40
39
20 23
2 27
6 33
13 24
7 8
29 36
15 37
3 4
11 18
15 17
1 25
2 5
2 34
35 39
1 2
5 14
20 35
11 12
2 3
15 16
2 13
14 15
24 31
9 10
4 9
4 22
4 7
13 30
2 28
12 20
9 11
5 29
1 6
18 32
2 26
25 38
14 21
12 19
59
4 13
1 4
27 57
24 28
5 8
27 59
12 14
10 35
5 21
35 36
21 33
28 31
6 11
22 38
42 54
6 18
16 17
16 40
5 9
30 51
7 24
6 10
5 7
27 58
19 41
11 43
1 2
25 37
30 39
9 23
2 34
11 30
24 49
16 50
41 56
23 55
11 29
39 45
9 26
1 25
10 32
38 46
12 16
39 53
8 19
35 42
5 6
12 27
43 47
17 20
7 52
2 3
3 5
21 22
2 15
31 44
7 12
30 48
69
30 32
3 40
5 9
21 27
22 55
3 34
36 62
19 52
35 38
17 23
44 49
14 29
33 45
9 12
12 13
14 35
5 22
5 53
3 5
1 3
12 60
38 41
16 48
5 17
37 54
3 8
11 43
56 65
17 36
8 10
20 37
14 16
2 6
26 56
2 4
2 28
3 7
11 31
18 58
22 25
48 67
59 64
16 21
16 33
11 42
8 14
15 50
53 66
8 26
57 59
1 19
41 44
13 15
18 69
49 57
1 2
4 47
3 46
22 24
27 30
17 20
7 68
55 61
2 11
10 18
37 51
12 63
2 39
94
15 88
18 48
7 29
2 53
10 11
38 63
25 37
34 38
15 34
15 69
21 35
15 55
47 50
2 5
13 23
26 60
21 57
4 20
22 72
32 94
43 76
57 58
12 18
13 93
7 14
16 28
74 77
13 36
28 33
6 52
7 85
12 45
3 8
15 66
3 9
2 42
3 13
42 51
42 59
53 67
12 78
11 89
3 25
28 61
2 19
30 62
1 6
20 47
4 43
25 30
4 26
51 87
5 12
17 81
11 49
31 56
6 70
1 4
3 7
65 73
25 27
17 92
9 17
71 75
26 90
44 91
17 24
3 22
13 15
28 54
60 84
8 32
9 10
1 16
38 65
36 71
40 41
34 46
63 82
19 64
61 80
11 39
26 40
1 2
24 79
4 86
43 44
70 74
6 21
20 31
25 68
1 3
18 83
63
45 56
1 47
1 33
11 45
13 36
2 6
45 51
18 53
21 34
18 48
1 8
48 58
9 12
2 20
35 49
20 55
3 30
28 44
5 11
31 62
12 23
38 39
45 57
5 9
2 16
48 52
49 61
16 19
46 59
11 14
38 42
1 46
5 13
4 18
4 29
3 5
3 17
40 43
7 15
1 2
32 63
8 10
21 27
19 24
3 26
6 25
37 38
1 40
4 60
9 28
20 32
46 54
2 3
3 4
18 35
1 31
8 22
13 37
5 7
9 21
18 50
28 41
4
1 3
3 4
1 2
38
8 22
8 25
16 18
4 10
2 7
5 12
2 14
1 2
1 4
6 9
2 5
10 37
3 15
9 13
23 30
1 20
3 11
4 21
25 29
2 6
5 8
17 23
8 32
1 3
21 27
14 16
24 38
2 19
11 28
9 24
31 35
19 31
10 26
22 36
3 17
32 33
26 34
57
19 54
19 34
1 40
10 43
8 31
20 27
16 41
1 9
3 18
8 32
2 12
47 48
7 45
37 39
9 16
5 17
4 20
6 13
13 21
24 33
3 4
41 53
5 14
18 49
1 3
25 29
11 51
25 57
11 36
5 11
15 28
12 19
9 10
10 23
2 8
20 24
5 6
32 35
40 46
2 5
35 38
43 52
39 44
1 2
47 56
23 30
24 25
4 42
3 7
18 37
48 50
42 55
1 15
20 26
21 22
40 47
74
1 19
3 40
11 63
34 51
14 31
4 6
58 62
35 44
18 54
9 36
3 4
3 38
3 14
42 48
1 2
1 27
44 53
8 41
16 46
27 37
2 16
12 25
37 39
20 34
56 60
2 23
26 43
1 45
49 56
12 20
1 26
3 22
41 67
2 9
21 30
20 21
22 29
7 35
52 66
20 52
4 70
19 58
5 55
9 33
57 68
48 74
9 69
2 18
1 3
43 57
27 73
8 64
9 50
10 12
7 8
10 11
5 7
44 61
12 28
1 5
5 59
10 13
4 24
3 15
5 17
33 42
31 32
3 10
52 65
26 49
27 47
20 71
10 72
15
2 5
1 2
1 3
7 13
6 7
7 11
1 9
9 15
2 4
2 6
3 8
2 10
9 12
3 14
46
13 25
13 40
13 44
31 41
23 39
1 2
28 29
21 36
4 5
9 32
8 27
3 4
36 42
12 15
13 17
3 7
20 21
8 10
20 22
7 9
4 8
8 11
11 16
24 28
1 3
4 14
12 13
4 35
2 6
7 43
11 33
22 34
13 19
19 23
12 18
3 38
4 30
25 45
18 26
23 37
11 12
16 46
9 20
2 31
10 24
84
49 73
8 22
10 70
1 6
36 58
65 67
10 65
18 59
17 76
14 47
28 35
10 19
8 12
32 66
29 36
31 54
70 83
26 30
41 77
8 55
15 46
13 17
20 52
1 40
2 60
11 74
18 27
68 84
3 20
9 24
44 53
27 29
31 39
42 82
24 31
46 61
2 9
16 57
37 68
5 50
11 34
5 25
1 33
35 41
3 7
1 3
51 62
23 48
65 80
2 11
2 8
6 15
26 45
1 5
5 32
5 75
21 64
10 38
40 51
1 2
13 16
9 13
30 42
15 28
28 69
21 43
38 79
4 14
17 71
42 49
12 18
2 4
6 23
28 37
28 56
29 78
13 44
38 72
22 26
13 21
34 63
34 81
4 10
63
19 63
39 43
14 30
13 28
13 19
2 8
8 16
1 2
10 35
24 34
3 15
32 41
23 26
9 21
6 10
8 17
20 53
15 29
34 56
22 33
10 45
1 25
44 58
5 14
14 47
25 44
1 5
8 11
35 37
21 57
7 36
10 31
4 38
4 6
3 7
11 13
3 20
46 49
31 60
12 24
22 54
1 3
24 46
20 39
47 55
3 9
11 62
22 48
17 22
27 42
4 18
4 40
9 12
8 27
15 32
11 23
7 50
20 59
17 61
12 52
46 51
2 4
74
1 17
1 12
15 27
8 62
14 18
7 35
3 16
13 31
56 71
6 21
12 60
21 42
17 19
26 34
5 7
1 2
2 6
6 26
33 43
37 48
1 13
1 22
26 65
18 40
1 5
28 47
8 33
8 38
6 9
1 52
20 66
3 8
44 53
50 61
11 74
40 69
15 25
1 3
4 50
9 14
38 46
10 41
7 55
1 36
3 20
1 11
16 73
52 59
28 32
2 58
19 24
32 72
33 45
10 49
2 4
28 39
13 57
21 29
5 15
5 63
37 44
14 28
9 30
7 10
29 70
20 54
13 23
30 37
15 51
3 67
14 64
42 68
38 56
80
14 23
4 18
41 46
24 25
51 69
38 52
18 22
32 37
1 11
56 73
7 13
6 7
10 28
62 77
28 42
1 10
1 27
12 68
30 70
11 76
35 66
13 33
6 8
9 30
4 12
3 9
1 35
3 36
42 50
16 17
7 56
1 32
10 29
25 65
43 49
10 51
6 15
30 31
2 41
7 16
4 5
14 74
1 3
32 62
13 19
1 2
7 48
15 53
16 60
2 14
35 54
4 26
30 55
25 44
21 45
9 43
8 78
61 67
56 63
17 58
4 34
30 38
11 24
2 20
21 39
52 61
9 47
44 59
43 80
9 75
49 71
20 64
8 79
2 21
1 6
31 40
17 72
49 57
2 4
95
32 75
57 93
14 38
55 76
46 47
24 26
1 2
20 22
38 54
52 62
16 92
7 8
8 11
94 95
1 16
32 43
4 14
29 80
78 84
28 53
17 18
39 41
63 73
47 56
50 59
13 79
5 50
9 12
40 81
17 44
1 66
51 60
41 72
33 85
39 40
9 28
20 49
7 68
8 27
18 69
40 58
11 67
14 19
4 20
52 77
1 3
2 6
18 88
32 83
29 55
20 39
7 9
6 25
13 17
27 36
4 70
9 63
8 31
4 5
5 33
28 30
3 61
31 48
8 65
24 42
19 34
22 52
61 90
22 35
5 87
3 32
2 91
33 37
72 82
3 4
73 74
21 29
30 94
1 15
17 24
41 71
32 57
3 7
6 21
17 51
82 89
56 64
74 86
31 46
1 13
13 78
7 10
34 45
6 23
13
1 6
4 5
1 4
11 13
1 2
7 9
4 10
5 12
1 3
4 11
6 7
3 8
31
7 21
14 15
6 7
5 10
4 30
2 12
16 27
3 28
2 3
13 14
1 29
4 8
13 22
2 5
4 6
1 2
16 31
3 18
8 9
9 19
6 24
12 17
10 11
2 25
11 13
17 23
10 20
4 16
22 26
2 4
90
45 75
22 49
34 59
4 67
33 68
34 37
24 62
1 2
50 60
1 8
2 6
1 36
78 87
19 39
8 64
31 90
27 66
25 34
7 35
54 61
42 54
14 45
33 82
13 38
10 81
50 71
8 51
15 47
51 84
26 52
1 7
5 10
39 74
14 15
1 11
66 73
13 14
68 80
31 63
16 33
36 77
28 29
53 88
9 19
22 50
35 83
7 12
11 13
14 27
30 46
21 23
22 76
12 72
11 70
27 40
35 69
2 44
72 79
7 26
62 85
42 89
8 55
17 25
1 21
2 4
8 31
9 58
37 65
8 22
2 20
13 17
31 43
57 86
16 42
37 53
54 57
10 32
6 24
5 41
1 18
15 56
5 9
22 48
44 78
15 16
3 5
4 28
6 30
2 3
60
1 6
31 34
10 39
41 58
13 23
1 2
10 20
27 52
23 35
3 19
2 45
5 8
49 57
24 38
22 25
2 17
29 30
4 9
3 13
4 22
43 56
6 15
43 60
19 55
8 32
21 26
5 36
7 14
21 40
1 3
6 7
18 21
20 28
3 16
18 24
5 12
9 50
43 48
42 43
37 46
25 49
12 41
49 53
30 33
40 44
3 4
12 31
13 47
7 11
1 5
31 51
8 42
4 18
7 29
14 37
17 27
47 54
4 10
46 59
26
1 10
7 8
3 22
5 15
1 4
9 11
12 14
4 18
4 17
12 19
4 9
5 6
10 13
2 5
18 20
5 7
18 21
16 25
1 2
1 16
21 26
1 3
1 12
8 24
8 23
27
8 16
13 15
7 9
17 24
1 10
3 4
13 17
5 7
3 5
15 22
1 2
13 18
5 14
5 11
12 23
6 8
1 12
18 19
3 21
4 6
1 3
7 13
21 26
15 20
5 25
11 27
25
17 19
3 7
1 2
3 5
15 24
5 10
7 13
10 11
9 14
14 18
4 9
1 4
6 16
15 20
3 15
18 25
5 23
5 17
1 3
3 8
12 21
1 22
5 6
8 12
97
1 2
9 10
77 89
57 66
5 6
8 11
1 64
1 39
7 71
12 14
8 15
15 16
63 80
32 60
40 51
24 58
5 59
40 69
9 49
41 74
26 27
2 3
9 24
58 73
43 70
65 67
21 65
2 5
1 25
2 7
8 13
6 47
15 29
10 22
40 94
5 17
46 91
19 35
3 4
62 68
19 75
3 41
5 44
36 50
8 9
67 87
27 46
71 93
51 83
35 84
12 34
55 81
38 56
63 90
5 45
2 85
24 32
10 26
18 95
43 54
20 28
41 53
19 30
6 40
22 31
63 92
3 36
4 8
7 42
22 33
71 72
10 21
38 52
29 55
15 37
43 86
21 63
2 97
77 82
9 88
13 18
15 19
20 48
59 76
11 61
6 62
26 38
28 43
74 77
76 78
6 12
3 23
65 96
31 57
15 20
41 79
97
48 57
2 8
6 12
4 65
10 14
6 7
31 46
40 61
75 93
44 47
1 4
12 79
19 39
30 63
14 22
39 41
3 32
57 87
23 34
4 6
39 52
1 11
9 13
14 31
27 73
4 17
45 62
26 45
7 64
14 88
27 48
25 94
69 81
8 10
5 37
3 42
3 5
23 29
12 78
59 84
47 82
50 53
3 19
11 67
3 51
3 9
9 54
30 33
19 30
9 60
64 91
6 40
1 2
23 83
72 95
27 58
39 55
43 85
2 18
2 26
9 75
13 21
23 68
15 23
25 72
30 35
52 59
27 69
9 24
49 92
4 16
2 3
29 49
15 27
95 97
27 44
4 20
2 36
13 38
35 66
34 71
8 76
31 70
14 15
36 56
64 80
5 25
34 86
73 90
78 96
74 77
4 43
24 50
23 28
72 89
24 74
94
44 59
33 51
58 68
52 63
2 4
83 89
16 52
21 66
38 94
2 57
31 69
2 3
7 32
35 55
64 82
34 36
6 85
20 46
51 67
30 84
26 78
6 7
4 9
18 37
34 50
6 44
5 80
17 38
22 43
22 41
11 21
14 27
20 33
27 53
12 28
12 61
7 31
5 18
15 62
21 45
25 56
29 30
18 29
1 77
2 5
43 75
7 8
31 92
37 58
60 81
79 90
11 20
65 72
10 25
84 86
1 2
4 10
64 74
12 16
20 40
32 34
4 12
1 6
4 54
17 23
36 60
5 13
65 88
11 19
21 42
44 49
75 79
32 73
32 71
51 76
33 35
6 17
28 39
79 87
34 64
42 70
28 91
4 22
15 26
14 47
9 11
7 15
10 14
16 24
44 93
10 48
44 65
40 83
93
5 9
22 34
44 77
13 23
7 41
5 14
4 46
61 75
26 31
7 8
1 11
26 64
17 69
32 38
1 10
32 60
71 76
75 85
26 86
21 83
6 66
13 88
30 53
13 15
44 62
5 12
15 47
34 71
9 24
14 20
1 18
6 30
49 65
12 27
54 87
40 90
7 29
1 2
8 16
10 81
4 49
2 4
8 33
8 45
12 22
17 72
22 40
42 56
24 43
9 35
78 82
23 51
12 79
9 36
18 19
28 58
27 48
9 13
2 57
12 52
19 21
1 3
54 68
12 26
31 44
32 70
1 42
15 63
34 73
4 17
57 84
48 59
4 6
2 5
51 74
23 25
14 80
87 91
11 61
39 55
17 37
3 93
32 54
64 89
61 67
84 92
50 78
1 7
23 39
49 50
24 28
5 32
87
23 75
56 63
26 79
2 19
10 16
56 66
18 24
41 87
40 53
6 65
35 51
40 61
1 76
45 59
3 41
4 46
9 49
7 10
1 2
8 15
5 37
6 11
4 9
55 60
10 12
7 26
22 30
18 38
6 21
10 39
46 56
7 44
68 73
4 13
15 31
16 62
14 20
11 47
3 23
40 48
2 6
2 17
45 71
71 74
55 80
5 7
3 64
1 28
10 22
15 50
1 5
41 72
8 55
45 86
17 27
1 45
11 78
5 35
66 81
6 36
27 84
25 68
9 34
25 32
1 3
34 70
15 33
17 82
6 14
17 43
7 40
1 4
37 83
30 42
53 69
23 52
46 58
42 54
35 85
9 25
20 29
38 57
10 18
7 8
44 67
39 77
89
56 88
23 68
9 11
18 21
25 35
2 6
1 3
61 69
5 17
21 86
4 24
20 89
12 28
1 31
39 72
41 44
40 47
4 7
4 76
3 13
12 33
48 60
4 5
14 37
6 42
2 9
16 36
44 53
6 26
20 50
12 19
14 20
20 49
33 46
8 32
23 29
75 87
10 80
36 41
5 15
23 30
13 14
23 52
10 16
24 55
22 77
21 66
51 67
18 40
1 39
3 4
1 2
34 48
6 85
12 71
1 78
33 54
5 25
14 64
2 12
48 73
50 58
5 70
27 34
14 27
22 23
25 61
4 63
1 51
20 56
38 45
5 22
8 10
46 57
14 18
38 43
7 38
52 65
20 59
57 82
38 62
1 75
3 83
47 74
2 81
41 79
6 8
77 84
65
43 49
7 21
20 65
7 48
22 32
3 5
1 17
33 44
1 3
15 24
20 46
9 59
51 57
22 45
1 55
5 28
11 16
7 14
23 37
8 58
5 9
14 20
46 51
16 25
23 30
19 42
25 60
35 39
14 40
45 47
51 54
9 41
21 22
15 26
5 34
1 2
20 43
8 52
3 6
1 12
49 50
17 61
35 62
3 4
2 19
13 31
24 27
5 8
19 29
33 53
10 13
8 56
5 15
5 38
40 64
9 18
16 36
50 63
3 11
6 7
3 10
4 33
17 23
29 35
22
5 8
3 6
4 19
1 11
17 18
4 12
9 14
1 2
1 9
13 17
5 7
6 16
5 13
3 5
8 21
12 22
1 15
5 10
1 3
6 20
3 4
3
2 3
1 2
70
7 9
5 33
13 42
28 32
53 55
2 70
16 24
13 36
11 41
46 56
3 38
1 2
14 34
10 20
2 13
15 44
2 16
37 46
25 39
7 15
3 8
3 5
13 29
8 17
3 4
19 35
33 50
18 48
7 18
18 19
2 67
37 51
6 11
23 45
14 64
35 62
25 66
20 57
29 30
19 59
8 58
57 65
1 3
11 26
17 47
4 22
1 63
6 69
36 54
21 28
5 40
21 25
6 7
7 52
6 12
5 27
13 37
46 60
27 49
7 21
7 10
37 61
21 31
2 6
35 43
21 23
3 68
36 53
10 14
68
9 28
13 17
44 59
11 31
46 67
2 3
6 45
2 11
3 12
22 29
1 43
24 65
1 49
25 33
63 64
18 23
8 25
35 40
47 61
18 26
51 53
13 21
64 68
11 20
22 30
49 55
4 7
32 44
13 32
2 10
10 15
11 42
8 36
27 35
51 63
6 19
28 46
6 14
1 4
1 6
7 16
4 5
11 37
49 50
4 8
6 18
9 13
60 62
5 39
1 22
55 58
6 48
53 56
17 52
5 38
31 47
5 9
1 2
49 57
47 60
4 54
63 66
13 27
45 51
11 34
3 41
8 24
53
9 14
6 13
3 25
6 7
3 28
23 45
14 21
4 23
30 50
21 44
14 19
9 24
3 5
22 47
6 8
18 30
4 11
46 48
1 3
32 41
1 12
17 31
1 2
2 33
21 35
1 20
24 38
11 40
15 18
7 17
6 36
19 26
10 16
6 15
9 52
16 51
15 39
25 53
36 42
1 22
20 27
22 32
4 9
9 43
4 37
3 6
25 34
17 29
12 49
34 46
9 10
1 4
100
14 21
58 71
2 7
37 59
14 89
40 43
51 81
1 3
4 74
55 82
46 48
74 84
1 2
47 58
50 80
54 61
29 42
3 24
1 69
2 95
99 100
76 83
6 38
44 77
44 72
8 37
4 5
7 73
44 75
10 17
18 98
11 16
47 49
1 15
16 41
1 6
30 96
38 64
24 27
29 60
24 32
2 45
3 8
14 90
1 13
16 91
3 29
32 40
1 14
47 79
1 39
8 10
32 76
32 57
36 44
9 25
44 56
11 28
2 26
26 46
42 53
23 92
8 99
24 33
13 87
8 30
7 86
16 23
61 93
7 9
11 19
2 67
14 68
14 20
23 63
23 85
1 78
3 4
43 47
49 50
18 55
56 70
5 18
35 66
29 62
32 97
48 65
11 31
18 54
22 35
42 51
15 52
9 12
1 36
7 34
25 88
29 94
8 11
16 22
96
78 94
41 56
24 26
28 78
29 35
23 41
12 25
28 67
19 23
4 5
12 87
71 88
19 61
37 96
31 49
4 42
11 14
28 30
68 91
19 40
2 82
75 93
8 15
4 65
10 51
6 7
9 79
3 6
1 3
9 47
9 59
1 11
37 72
12 58
1 29
1 4
39 86
80 90
10 20
7 76
13 44
16 92
1 32
24 36
2 12
12 31
31 70
38 48
4 8
8 28
68 83
28 43
71 77
57 95
53 71
39 54
23 38
14 21
27 34
11 16
49 89
18 19
29 37
8 9
34 60
48 85
1 2
21 62
8 10
10 66
11 69
13 57
30 33
17 81
42 53
11 17
12 46
18 24
10 39
57 64
48 63
36 50
30 55
72 80
42 73
26 27
11 13
51 52
11 22
8 45
49 75
42 84
50 68
1 18
31 74
78
28 42
2 31
9 38
41 56
2 10
3 24
4 15
4 27
11 22
1 2
60 77
4 7
5 51
40 62
58 59
18 20
23 60
18 46
28 55
22 67
12 57
60 68
2 33
38 52
10 29
8 58
62 69
58 73
7 12
24 63
15 39
29 49
3 8
15 65
7 75
15 17
43 70
42 50
27 61
47 48
36 37
11 53
42 66
39 78
20 25
5 14
13 74
9 30
29 54
21 45
1 3
40 47
6 13
14 23
4 41
2 11
4 19
7 9
16 26
1 18
1 4
3 5
63 76
15 36
21 40
1 16
2 6
29 35
7 32
20 72
54 64
18 21
22 71
37 44
8 43
9 34
1 28
82
24 28
21 47
10 14
70 71
5 23
4 52
61 73
7 11
13 45
53 55
53 65
42 79
62 82
2 5
59 68
44 66
35 59
25 31
25 67
22 36
24 42
13 32
2 58
19 21
6 9
30 61
54 69
1 2
6 76
2 54
17 77
56 72
1 7
5 57
2 13
57 78
34 40
3 50
1 20
30 70
4 18
2 39
18 37
45 64
41 53
1 8
1 41
28 63
9 19
18 34
5 26
20 48
65 80
13 24
47 75
3 4
38 44
34 51
13 25
3 15
4 10
13 16
5 46
18 60
7 12
19 33
18 30
47 49
52 74
7 27
9 35
16 29
9 17
3 43
75 81
29 62
2 6
1 3
29 38
15 22
10 56
50
10 16
14 39
1 2
8 17
3 5
32 49
22 27
14 50
16 21
8 26
28 32
42 45
20 41
25 46
2 3
3 11
8 29
11 44
13 22
9 35
9 18
9 20
17 30
3 6
2 4
41 48
13 15
15 37
8 34
4 31
28 33
6 12
12 24
36 43
3 7
3 8
12 19
19 36
6 25
17 23
23 40
4 13
13 14
7 9
8 10
23 28
19 42
13 38
46 47
17
10 17
1 2
3 14
3 16
1 3
5 11
3 7
4 6
3 4
6 10
3 13
3 5
1 9
3 15
4 8
10 12
46
20 45
11 24
30 39
7 26
1 19
3 21
13 16
6 31
2 4
7 11
6 8
9 12
12 23
1 2
2 20
7 14
22 34
4 38
7 10
5 27
4 13
1 22
29 37
25 46
8 9
7 42
4 43
1 5
11 17
25 41
16 36
28 33
16 30
13 25
30 35
34 40
1 6
4 28
17 44
1 18
1 3
7 15
1 7
20 29
19 32
72
17 28
47 68
39 41
15 24
25 62
2 5
39 66
15 64
8 18
28 38
23 51
5 29
17 43
10 12
6 34
8 26
20 22
53 56
1 2
8 42
5 45
9 11
6 27
9 19
5 40
33 69
39 53
15 35
2 15
1 13
8 23
27 60
46 63
24 30
7 20
56 59
43 54
5 7
7 16
24 67
13 17
12 21
21 31
14 65
14 44
42 55
35 36
18 48
45 72
3 8
1 4
5 9
19 25
29 49
48 58
5 10
22 33
27 37
28 57
3 14
42 70
53 61
24 52
27 32
33 47
31 71
14 50
3 6
34 39
15 46
2 3
72
1 52
6 51
1 7
12 18
18 44
1 2
22 59
11 22
6 32
5 12
1 37
1 19
2 8
10 11
42 72
35 68
28 63
1 14
32 71
10 35
2 5
10 66
19 28
8 42
41 55
46 53
6 49
8 17
28 39
55 67
5 56
8 46
4 10
34 48
2 6
5 25
5 26
37 62
19 38
3 33
36 64
19 57
4 13
14 31
46 50
6 34
27 36
20 40
4 30
13 15
14 43
2 3
32 45
12 60
2 69
7 24
12 29
29 41
31 65
9 16
40 58
22 23
4 9
58 70
2 4
33 61
4 20
8 21
24 47
4 27
40 54
85
8 52
27 73
21 30
7 9
12 21
9 12
39 71
29 37
17 36
24 25
8 11
3 4
24 33
20 49
35 45
25 63
17 19
21 82
14 15
8 24
1 3
4 18
16 26
35 57
29 46
10 13
43 55
17 23
42 84
35 42
39 81
22 27
33 70
7 29
20 40
8 44
15 38
52 68
68 77
3 5
19 69
33 72
1 2
23 41
37 48
3 75
37 39
25 35
14 54
25 59
44 78
9 43
11 67
14 32
32 53
18 60
12 14
25 76
45 65
5 8
40 50
13 16
36 47
1 6
8 17
25 80
23 28
4 22
20 62
14 79
21 34
78 85
23 83
47 56
11 58
4 74
47 51
47 64
4 7
6 31
18 20
43 66
6 10
5 61
46
19 26
5 8
3 31
17 30
7 21
34 46
30 37
12 22
15 23
8 35
10 11
2 40
11 33
4 5
3 4
18 19
2 38
19 42
1 2
2 3
21 44
7 12
31 39
10 16
3 17
2 10
1 6
5 9
7 13
28 29
8 24
10 14
4 7
26 41
18 32
2 20
1 15
6 27
18 28
30 45
1 43
16 18
27 34
10 36
1 25
67
53 64
13 25
29 31
22 27
16 34
18 49
25 26
3 57
11 48
19 50
10 12
13 21
15 35
25 47
6 15
24 56
14 19
25 36
33 55
33 43
10 53
21 61
41 60
28 39
2 10
8 9
49 52
2 8
2 4
1 2
25 29
20 23
15 33
4 11
31 62
4 7
4 45
52 65
16 20
43 58
56 63
8 32
1 14
19 40
3 5
1 24
7 30
11 38
46 54
19 28
13 66
28 51
38 42
4 6
22 44
7 59
6 22
3 67
3 18
22 41
2 3
19 37
18 46
1 17
6 16
5 13
58
8 29
30 53
36 42
20 54
14 27
20 30
36 40
13 46
7 10
5 9
13 45
4 13
37 56
9 23
3 7
18 38
11 50
15 25
2 44
1 52
17 48
4 35
22 28
2 8
9 19
13 14
17 39
31 43
16 24
13 18
1 4
11 12
12 26
9 17
21 36
9 15
2 33
21 57
30 47
1 2
14 20
1 3
6 11
5 6
19 21
12 32
12 31
22 37
1 5
46 55
26 41
13 34
45 58
41 51
11 49
3 16
6 22
79
35 39
13 14
7 16
2 38
2 3
47 70
22 34
8 9
2 4
64 68
15 21
22 67
5 7
12 62
48 55
40 69
28 49
17 18
29 54
23 40
1 6
54 66
6 32
63 74
8 44
2 5
28 31
1 2
12 64
15 17
19 65
1 8
3 53
41 78
19 25
68 72
38 58
2 27
6 26
23 43
16 42
20 63
17 22
17 47
6 29
36 46
6 12
18 30
5 15
19 75
19 52
3 13
28 73
25 41
17 33
1 71
13 37
19 23
1 35
5 10
17 24
29 61
35 57
71 79
73 77
45 48
6 50
16 56
11 60
14 59
34 45
3 51
9 20
26 76
5 28
14 19
4 11
13 36
84
76 84
61 70
9 30
12 33
22 38
1 6
2 17
18 40
5 39
10 80
10 68
3 8
43 60
45 56
14 62
19 35
4 16
24 79
7 20
47 57
28 43
3 4
29 76
4 5
17 71
18 44
53 63
15 48
16 25
46 66
1 2
13 32
8 18
12 55
46 49
3 13
35 72
56 59
25 58
79 83
28 41
24 45
36 74
20 50
33 54
3 65
45 61
7 73
36 51
48 52
11 12
9 47
71 77
10 11
8 37
18 67
2 10
6 82
3 46
25 27
17 31
56 81
1 42
15 19
60 75
7 78
5 15
12 24
6 7
22 28
14 29
9 26
1 9
36 53
15 23
10 22
2 3
37 69
7 21
1 14
19 36
50 64
1 34
31
13 23
17 21
1 20
7 15
7 19
8 11
1 25
4 12
1 17
2 6
3 18
5 24
1 2
9 30
6 9
3 28
4 5
14 27
5 29
6 8
5 7
4 14
1 4
5 10
27 31
13 16
1 3
2 13
15 22
23 26
77
27 48
19 44
34 38
3 6
28 31
40 51
17 28
2 14
7 72
1 2
7 17
3 22
21 64
49 60
27 47
1 3
16 25
44 66
3 27
21 43
10 21
34 42
19 32
11 15
21 30
15 41
5 7
10 69
8 10
6 76
8 54
5 11
5 39
19 33
5 9
4 16
5 29
45 61
51 75
51 68
4 65
16 18
24 57
16 19
20 26
1 23
4 8
37 67
18 24
67 77
30 45
43 52
35 37
27 74
26 56
3 4
46 62
2 12
58 73
40 53
40 59
1 5
22 63
17 20
36 58
23 46
12 13
39 49
25 40
15 71
25 36
29 50
1 34
48 55
14 70
10 35
23
12 21
6 11
1 12
7 13
10 15
5 20
5 14
6 8
15 23
12 18
1 3
6 19
2 16
3 6
5 10
13 22
2 5
16 17
3 4
6 7
3 9
1 2
4
1 3
1 2
2 4
54
1 2
24 34
7 28
27 54
9 10
26 31
16 45
25 50
5 33
6 36
21 35
5 9
38 47
11 17
1 6
5 12
2 39
29 30
31 32
3 25
3 26
26 41
20 40
13 18
2 3
1 14
4 5
12 21
1 4
15 19
21 24
31 51
6 20
2 13
6 11
22 27
2 7
41 52
15 23
26 43
40 44
1 38
30 53
2 16
26 37
6 22
8 15
7 8
21 29
23 46
13 48
33 49
36 42
16
1 2
7 14
10 11
5 12
5 7
5 16
14 15
1 8
3 5
2 4
1 3
2 9
7 10
11 13
4 6
48
42 46
13 34
15 23
9 14
7 40
12 20
16 35
28 29
3 8
4 27
6 24
1 2
7 28
12 42
9 18
15 44
10 11
24 39
12 22
1 4
28 45
1 41
2 6
1 3
3 31
4 10
5 12
12 19
7 9
1 25
6 16
6 38
16 36
7 13
14 37
4 43
2 7
2 15
25 26
19 21
9 33
1 17
13 30
11 48
31 32
3 5
11 47
90
23 59
1 4
5 9
5 49
15 24
25 43
2 18
5 13
79 81
16 77
61 90
50 65
27 54
16 21
52 79
5 20
60 68
11 22
7 48
5 41
8 15
7 47
30 32
44 60
1 10
54 64
21 52
9 14
9 17
1 35
33 72
43 44
4 40
5 38
19 23
36 42
4 82
18 31
1 2
48 51
12 16
10 11
35 39
36 83
27 66
3 8
8 57
5 62
26 30
85 89
39 69
10 33
20 87
23 45
19 71
6 58
40 56
3 50
8 19
27 75
9 12
18 28
23 36
41 70
33 37
4 6
5 63
36 67
14 76
53 80
73 88
7 29
69 85
53 86
28 74
4 27
2 7
11 25
26 61
4 55
41 73
2 5
48 84
63 78
32 46
52 53
2 3
1 34
8 26
55
3 11
22 46
12 48
1 20
6 7
3 8
17 33
16 41
4 13
36 49
47 51
1 4
21 45
29 35
1 5
13 14
19 26
27 30
3 53
10 22
33 39
8 25
2 3
35 43
13 55
8 10
17 19
15 21
2 42
19 37
26 40
1 2
2 32
17 47
7 24
4 9
6 15
3 54
15 31
29 38
15 28
1 27
1 36
41 44
22 23
24 34
10 18
5 12
5 17
27 29
12 52
2 50
3 16
4 6
96
7 77
32 59
12 20
11 48
1 5
59 86
11 18
51 80
49 94
38 41
12 26
1 9
38 92
15 29
45 54
21 91
62 73
27 72
40 43
53 88
38 56
25 65
22 23
4 6
19 45
22 68
21 22
7 8
13 60
20 70
20 31
20 30
18 38
15 69
1 19
11 25
10 24
1 2
25 37
7 78
32 39
8 40
14 50
8 11
53 66
8 16
2 15
13 14
25 44
9 17
54 63
8 62
69 76
6 7
34 93
4 74
32 83
13 21
5 12
6 84
1 3
4 87
2 4
45 79
37 51
4 82
23 89
41 90
13 34
6 10
16 42
44 52
79 81
54 64
11 61
37 71
24 28
54 96
15 27
1 47
29 58
19 57
3 36
24 35
79 95
9 32
7 13
2 55
8 49
17 53
14 33
9 75
54 85
18 46
40 67
36
8 18
5 10
24 35
25 28
12 17
2 3
4 6
3 23
14 34
19 31
5 12
1 14
14 33
33 36
4 29
3 8
14 22
4 24
3 15
19 32
13 20
29 30
1 5
6 7
13 26
15 27
13 19
1 2
6 13
10 21
3 4
8 9
7 11
10 25
5 16
20
2 19
7 11
1 2
7 8
5 9
2 18
1 3
2 7
6 10
2 6
11 12
2 4
12 14
1 5
1 16
11 13
4 15
11 17
2 20
67
56 67
5 6
22 47
3 4
22 26
5 38
50 65
18 57
13 17
3 5
36 56
6 41
2 13
7 28
7 37
3 19
27 31
12 24
3 43
40 45
2 27
13 18
6 23
48 62
29 50
2 3
3 11
13 51
24 35
17 20
9 64
4 36
22 33
49 52
13 16
31 39
6 46
7 29
15 32
8 63
2 22
44 61
21 60
13 40
19 21
1 12
1 10
19 30
1 25
3 44
32 66
9 55
5 48
6 7
6 9
13 49
22 58
57 59
1 2
11 53
14 42
13 34
7 8
10 14
6 54
10 15
100
38 98
61 89
29 63
29 83
46 100
14 53
8 23
70 78
36 42
82 91
18 19
34 35
86 93
8 13
43 85
51 62
33 48
11 28
12 57
17 27
57 97
72 88
9 72
20 56
38 64
33 54
16 84
12 16
13 29
43 67
44 47
21 25
27 39
31 37
1 9
7 12
1 5
85 99
17 76
35 61
1 87
6 77
1 2
18 60
2 55
45 46
64 71
39 43
28 52
8 34
59 96
63 66
6 30
10 15
6 18
40 50
3 26
2 6
4 22
1 4
14 36
10 81
1 3
64 74
2 21
1 7
6 8
55 65
64 79
17 31
1 10
3 41
53 75
21 24
39 44
31 32
64 80
36 68
28 51
19 70
6 11
2 58
29 94
55 69
13 73
4 14
6 33
2 45
7 20
4 38
53 90
33 92
76 86
17 59
16 49
61 82
3 17
19 95
11 40
38
5 32
11 12
1 21
7 25
10 14
5 13
6 15
31 38
1 2
17 18
7 28
2 5
32 35
10 20
9 31
1 3
1 34
7 19
2 8
3 9
8 29
12 26
4 16
3 6
4 7
19 23
9 10
11 22
31 37
17 27
19 24
1 4
29 36
20 33
10 30
3 11
14 17
80
24 49
8 9
25 46
11 29
6 56
20 41
4 43
67 68
59 61
4 51
1 2
30 48
12 17
3 12
20 70
3 36
5 30
15 23
50 55
28 37
9 11
6 26
33 69
37 76
31 35
4 6
44 58
39 63
18 45
3 14
17 21
5 65
30 78
47 73
39 44
16 31
8 52
6 25
5 38
9 24
34 62
58 59
18 28
13 16
5 7
37 64
48 66
10 15
39 79
8 27
3 72
14 19
58 60
17 80
1 3
5 13
13 57
73 75
3 4
6 20
68 77
2 40
21 22
18 33
23 34
36 67
12 39
11 32
9 53
1 5
26 50
3 8
15 18
38 54
2 42
4 10
55 74
17 71
36 47
39
1 2
4 11
2 8
13 18
7 9
15 33
1 22
9 34
5 7
9 16
26 29
2 3
23 28
4 10
14 17
9 13
13 39
5 23
4 12
2 15
12 14
13 27
19 37
20 21
24 26
11 19
22 38
9 32
18 31
3 5
3 6
32 36
13 24
4 20
20 35
12 30
4 25
1 4
83
7 8
73 83
16 19
10 15
13 38
25 33
12 30
26 40
4 43
4 21
13 42
8 36
31 39
2 5
52 68
15 75
4 11
3 4
20 34
21 50
47 81
31 49
30 54
3 26
19 35
8 45
31 46
32 70
38 76
22 44
69 73
1 12
71 82
4 29
8 56
15 23
5 13
1 20
33 60
40 51
30 48
10 71
2 7
8 58
22 53
1 2
20 25
38 52
30 31
75 80
22 63
10 17
19 37
16 57
2 3
9 27
76 79
58 77
27 67
18 24
67 78
3 18
36 69
18 22
3 6
2 14
8 32
23 41
4 59
1 65
27 62
35 55
46 72
57 66
1 10
14 28
43 64
69 74
25 61
4 9
26 47
6 16
13
2 9
2 4
9 12
2 6
7 13
1 10
2 3
1 2
2 5
6 7
4 11
2 8
62
14 15
10 31
2 7
40 62
5 23
1 2
11 25
31 42
19 48
24 27
8 37
47 61
12 36
28 46
1 11
4 5
4 8
5 6
25 33
19 28
2 9
4 47
27 56
33 44
1 4
26 34
8 35
1 3
31 54
9 13
19 58
7 16
24 26
13 39
17 30
1 12
12 19
5 43
8 20
12 14
9 18
7 52
24 38
40 51
7 22
35 40
9 10
25 49
10 57
16 60
19 32
51 55
9 17
22 29
9 53
39 50
7 21
15 59
9 41
36 45
12 24
44
8 24
5 11
2 18
8 19
21 37
12 29
27 32
10 20
35 42
30 34
17 28
1 6
7 31
1 2
4 30
1 13
27 33
19 27
4 7
20 41
9 17
1 8
3 4
17 23
11 16
2 21
19 25
10 15
6 9
18 44
13 26
24 36
2 14
4 35
5 43
9 12
3 10
15 40
21 39
13 22
1 3
5 38
4 5
39
17 19
5 38
5 8
10 12
1 2
11 15
12 26
12 30
2 6
13 14
2 3
5 29
16 27
31 32
11 35
19 31
24 34
8 11
4 7
9 17
12 23
17 22
3 18
8 36
7 24
18 20
2 4
15 16
7 21
34 37
8 25
2 5
9 13
17 28
7 39
7 10
13 33
4 9
92
9 11
51 64
7 12
12 22
12 63
9 44
35 56
2 16
28 51
10 18
46 52
42 55
7 20
10 41
22 24
20 33
25 42
9 10
51 76
1 2
29 39
1 3
72 83
14 21
3 6
2 4
3 7
17 53
39 60
12 30
19 62
57 81
65 70
32 38
38 50
16 58
36 49
4 82
11 27
83 87
12 17
32 79
9 47
8 9
13 15
56 65
71 78
12 46
34 85
63 75
6 26
4 67
65 89
39 84
18 36
3 45
35 91
18 29
39 43
18 23
15 28
34 80
15 19
11 13
26 73
37 86
6 14
48 57
20 32
63 69
12 59
9 25
37 54
36 88
6 68
7 34
7 72
24 35
1 5
11 71
20 74
38 90
25 77
34 37
23 31
7 8
18 61
41 66
76 92
21 48
25 40
33
6 12
20 32
12 13
18 20
6 11
4 7
11 24
1 3
12 19
9 30
7 9
22 25
5 6
7 16
3 4
15 22
16 27
1 2
12 14
23 28
6 10
12 15
32 33
25 26
3 5
19 23
12 18
8 21
28 31
2 8
14 17
27 29
37
16 26
1 19
1 3
22 24
4 9
10 17
26 32
4 20
2 27
21 29
6 16
8 31
7 11
29 36
9 13
12 22
2 18
12 33
5 14
2 4
3 5
2 7
16 34
3 37
3 21
7 30
20 23
1 2
5 6
3 12
22 28
31 35
6 25
5 8
2 10
14 15
42
23 24
25 39
10 20
23 26
5 7
30 42
10 11
20 30
8 9
5 12
35 36
4 35
8 13
17 27
15 22
20 31
2 4
2 6
1 2
14 19
7 29
10 33
15 32
24 41
9 18
27 37
3 34
9 25
2 16
25 28
11 23
2 10
16 21
15 17
5 15
27 38
37 40
4 5
2 3
6 8
6 14
47
2 4
17 36
16 23
1 2
10 40
5 6
7 30
5 18
2 21
4 8
9 12
32 35
7 9
4 5
15 16
9 17
13 33
16 31
21 46
5 10
26 38
1 19
1 29
4 20
5 7
18 27
36 37
4 15
9 11
21 42
9 14
6 41
19 24
37 39
37 47
2 28
2 34
30 43
39 44
1 32
15 22
14 26
2 3
12 13
2 45
1 25
8
2 5
1 3
2 8
3 4
3 7
1 2
3 6
79
1 4
5 15
16 73
35 74
57 58
7 19
20 22
50 69
36 41
2 54
26 37
6 9
19 44
6 7
28 72
11 17
15 26
27 33
10 71
2 60
10 25
42 78
5 24
10 75
3 5
44 65
41 51
17 21
23 40
3 64
21 27
52 57
1 11
38 50
14 23
3 14
21 39
2 3
14 67
9 20
12 34
8 47
3 18
17 52
2 8
12 62
4 10
10 63
39 49
3 77
25 56
9 28
19 53
37 43
3 68
8 79
1 6
1 55
7 42
41 70
34 76
30 66
22 35
1 2
41 45
22 29
20 30
44 48
18 59
30 31
8 13
3 16
8 12
48 61
25 38
30 32
33 36
6 46
22
3 4
8 12
6 14
10 22
9 21
4 10
3 8
4 13
1 3
16 18
3 5
5 7
14 15
4 6
13 16
2 9
8 11
5 17
1 2
18 20
13 19
10
1 6
1 2
5 7
2 3
4 5
1 4
5 9
7 10
6 8
49
7 15
2 34
2 3
11 17
31 46
2 19
29 31
9 27
2 30
2 36
21 40
18 43
18 49
2 4
5 8
13 29
21 48
9 11
1 2
2 18
3 13
1 6
35 45
2 14
7 32
31 33
5 7
14 42
9 25
7 10
12 38
5 23
10 35
8 16
18 22
6 9
1 5
22 37
9 21
14 39
1 12
23 26
1 20
27 47
21 28
23 44
19 41
18 24
58
12 34
10 24
4 48
9 28
1 21
8 36
29 42
1 4
20 31
13 16
1 23
2 8
7 15
48 57
28 47
44 53
13 39
31 40
14 26
19 22
8 14
7 9
8 29
24 52
1 5
32 43
6 33
27 32
26 30
1 3
21 45
10 11
5 18
13 49
1 12
1 17
13 35
32 41
4 7
9 37
1 2
30 51
23 27
4 13
18 20
1 6
11 19
6 10
21 46
23 58
22 38
15 50
25 44
14 56
16 25
25 54
41 55
34
10 13
4 6
2 18
5 16
3 9
1 7
13 21
14 22
6 8
11 14
8 15
10 12
1 3
28 32
16 20
18 26
8 11
1 2
20 23
2 4
6 19
8 17
2 25
28 31
8 30
1 5
14 33
24 27
9 24
18 29
4 10
32 34
26 28
7
5 6
2 3
6 7
1 5
3 4
1 2
80
37 51
28 70
19 22
55 75
2 13
11 72
2 3
22 76
3 14
12 67
11 66
10 12
8 31
31 45
7 61
3 11
2 7
21 39
5 8
32 43
2 4
7 58
26 38
18 63
42 50
45 49
9 28
18 44
13 37
37 55
6 42
6 20
10 41
7 10
9 24
3 5
21 47
9 15
24 53
8 25
10 36
13 33
43 59
58 69
8 9
41 52
4 19
43 68
52 79
19 29
2 34
39 40
20 21
11 78
36 65
39 80
32 60
15 77
23 35
34 46
40 62
8 32
23 54
1 56
5 73
13 30
9 17
12 18
12 26
6 74
68 71
10 48
1 16
8 23
6 57
1 6
8 64
18 27
1 2
22
20 21
2 6
1 9
1 3
3 13
2 20
12 18
1 4
6 8
6 17
8 16
7 12
9 15
3 19
8 14
1 11
13 22
1 5
6 10
1 2
6 7
16
13 15
1 4
5 12
7 9
2 5
6 8
5 13
1 3
4 6
11 14
6 10
1 2
6 11
3 7
12 16
53
35 37
18 24
10 15
5 7
41 51
8 16
1 2
3 6
4 29
31 34
7 44
26 38
22 32
13 20
7 9
3 5
41 47
20 53
8 48
5 14
18 43
2 8
12 13
3 4
22 26
8 27
14 52
16 18
11 12
14 21
4 35
34 46
34 40
18 22
18 45
25 33
8 10
13 49
25 30
18 23
32 41
35 39
44 50
17 31
1 19
8 36
1 25
7 11
26 42
2 3
25 28
3 17
82
9 68
70 74
19 26
66 76
36 40
6 17
15 36
38 51
2 11
20 27
22 23
23 73
2 6
56 70
32 55
28 32
1 10
5 31
31 52
13 34
34 42
39 49
40 59
7 12
54 64
17 56
2 13
7 50
32 39
70 78
9 18
38 61
40 44
13 30
1 21
40 41
26 48
6 14
18 24
1 25
41 65
1 81
1 2
24 69
23 47
62 79
2 4
17 37
23 29
29 33
24 67
49 63
64 72
2 8
3 9
1 3
2 5
41 80
25 43
27 58
33 62
50 53
9 19
19 28
18 38
1 46
9 15
3 7
12 20
19 35
66 71
46 57
11 16
45 60
5 45
43 66
29 75
29 54
17 82
67 77
6 22
43
1 41
1 4
9 38
33 34
20 22
3 37
10 39
20 23
9 18
36 42
11 13
5 32
6 15
24 25
8 9
5 24
9 12
1 16
21 36
12 20
6 8
5 6
14 21
26 40
29 33
5 11
5 35
12 27
4 28
20 29
2 14
26 30
1 3
1 2
18 31
24 26
6 43
10 19
4 5
15 17
3 7
4 10
24
12 21
14 18
3 8
5 23
11 16
8 12
1 7
4 9
21 22
4 5
3 15
8 10
7 14
11 13
1 3
3 4
7 19
12 20
2 6
5 11
16 24
5 17
1 2
33
2 3
7 19
3 20
20 24
13 15
7 11
9 10
6 23
12 33
22 26
19 28
3 30
2 8
1 6
18 22
8 9
4 7
3 4
1 5
2 32
9 17
13 31
1 27
20 21
5 16
8 25
1 18
7 14
1 2
27 29
9 12
9 13
93
2 31
10 19
8 22
29 41
13 32
43 48
31 60
24 39
42 90
9 11
6 30
12 15
7 54
39 47
61 89
2 26
20 34
14 53
9 25
13 27
4 58
3 35
19 69
13 52
31 49
16 29
17 77
10 92
54 80
35 79
2 3
29 78
79 81
1 7
12 42
37 91
1 2
17 64
39 46
56 61
46 74
55 93
60 76
73 75
14 73
8 16
1 9
36 37
50 67
20 82
81 83
26 70
19 38
35 36
2 14
16 71
20 24
1 55
41 62
35 85
13 21
7 17
2 12
2 6
28 45
48 56
35 40
11 20
28 33
63 66
67 68
32 44
28 88
6 8
25 28
26 50
18 23
26 65
14 18
2 5
9 10
50 59
12 57
22 72
1 86
22 51
1 4
41 43
36 84
72 87
59 63
8 13
55
34 36
1 2
11 19
15 23
9 17
10 43
11 37
1 38
31 54
18 46
12 31
46 50
2 4
1 5
1 29
21 49
41 47
6 7
18 21
12 15
7 14
15 34
29 40
5 8
17 20
8 44
22 24
36 39
8 10
20 55
13 25
4 18
2 16
40 51
25 28
4 6
1 45
8 13
40 52
13 42
1 3
11 32
33 41
7 33
51 53
9 22
1 12
6 9
6 27
25 30
10 11
9 26
19 35
9 48
37
6 11
12 19
3 4
1 3
6 34
1 14
28 32
4 10
17 24
5 28
8 31
23 27
18 21
18 37
5 35
26 30
15 22
5 6
11 12
21 29
16 26
6 9
18 33
6 8
2 20
1 13
6 36
9 15
1 2
4 5
2 18
13 17
20 25
2 7
19 23
14 16
54
10 12
20 43
11 13
31 35
18 26
2 3
9 15
2 38
13 45
11 23
17 51
34 54
3 4
17 49
9 10
11 14
4 7
8 42
46 48
5 17
4 24
5 6
26 29
25 28
13 31
13 21
6 40
3 9
25 32
23 36
28 33
4 11
22 47
16 22
22 39
18 25
19 34
14 46
6 41
1 8
10 16
13 37
1 30
42 52
1 2
33 44
3 5
9 20
14 53
6 27
16 50
18 19
1 18
74
21 46
35 72
3 7
52 74
6 66
28 60
8 9
7 19
4 20
13 23
41 54
12 13
11 40
12 22
25 42
10 62
12 16
2 6
9 44
13 59
3 4
15 71
32 53
21 52
6 8
47 49
4 28
13 15
40 50
16 30
10 70
2 43
5 51
13 61
25 31
28 39
6 25
2 3
42 63
3 12
30 45
17 32
2 5
10 11
29 34
11 37
13 18
57 58
5 67
10 27
26 33
17 24
22 36
10 57
10 47
10 21
11 29
61 68
6 14
3 10
45 69
36 41
10 55
43 56
63 65
13 73
32 35
4 48
3 26
15 38
1 2
9 17
10 64
72
3 32
21 36
6 25
53 61
1 3
10 52
3 69
7 10
7 13
55 72
54 59
15 19
9 50
3 24
33 34
9 38
25 42
27 35
63 65
38 39
30 37
4 56
51 63
6 23
2 33
52 70
26 29
12 44
12 45
1 2
5 12
9 16
51 62
3 7
10 48
5 47
3 18
41 58
4 8
49 64
8 60
6 21
43 57
18 30
45 54
28 71
1 15
12 17
6 14
48 49
6 51
18 41
5 6
30 31
5 67
1 27
16 26
8 20
6 9
15 28
45 55
20 22
51 53
32 66
18 46
7 40
3 5
1 43
4 11
30 68
1 4
48
12 18
4 7
5 8
6 13
4 16
1 3
13 26
26 43
9 10
16 39
12 34
20 25
35 47
4 15
5 9
15 24
1 4
2 12
2 5
13 40
22 23
12 45
6 21
11 30
4 38
3 11
22 42
11 19
12 35
15 36
4 22
21 29
17 20
9 14
2 46
17 41
1 27
1 2
7 31
32 37
2 6
35 48
10 17
32 44
19 33
26 28
1 32
92
13 26
20 22
74 88
67 86
10 80
8 36
16 19
1 8
14 18
49 90
6 66
65 70
8 10
2 25
21 56
36 47
7 32
15 30
4 6
9 81
4 39
46 75
9 64
52 77
22 23
5 42
6 79
11 16
2 4
19 35
6 15
80 92
42 62
19 74
6 31
10 61
2 17
56 89
14 21
9 14
13 60
13 37
37 48
11 45
16 54
1 5
8 72
17 84
28 29
16 33
4 20
6 9
13 59
47 69
8 12
4 52
43 57
10 28
1 7
10 65
24 40
18 24
11 44
5 51
28 73
12 87
6 50
7 71
33 53
50 78
6 11
43 46
23 82
43 68
1 3
1 2
9 27
11 91
44 58
4 34
7 83
36 63
50 55
10 13
37 43
9 67
3 49
36 41
19 38
32 85
53 76
46
1 4
27 37
13 22
22 24
28 29
20 44
16 39
1 5
11 25
4 15
1 2
23 43
24 36
9 28
19 20
33 40
16 26
28 46
25 35
26 34
35 41
35 42
16 18
2 14
20 30
7 19
3 9
3 11
10 16
3 7
9 12
1 3
19 38
8 23
3 10
8 13
7 21
21 27
11 17
4 32
10 45
4 8
2 6
13 31
22 33
85
55 56
37 49
11 14
14 25
7 11
34 43
8 9
53 68
17 20
21 74
2 32
34 72
47 79
1 33
29 55
10 16
13 21
1 29
1 13
15 22
79 83
19 40
15 67
1 2
5 44
20 27
9 54
10 69
38 78
11 47
4 77
27 28
32 75
20 23
54 84
3 4
2 52
23 48
3 7
23 26
2 3
61 62
22 53
3 8
16 35
51 73
70 71
46 59
1 31
63 80
38 58
4 5
33 36
6 15
2 34
6 61
15 24
7 39
41 82
26 50
2 17
10 19
29 41
17 51
19 30
4 64
65 76
7 18
56 63
3 38
51 66
84 85
26 45
33 70
19 60
20 46
3 6
2 12
2 42
25 81
5 37
6 10
38 57
15 65
20
14 15
2 14
3 13
3 8
7 20
1 10
16 17
5 6
4 18
13 16
1 2
11 12
4 5
6 11
6 9
4 7
2 3
7 19
1 4
34
5 8
9 16
2 9
6 23
24 26
13 24
23 28
1 20
15 27
2 10
19 25
3 15
15 21
5 22
10 12
15 34
1 5
3 19
1 2
13 14
22 31
16 30
5 6
18 29
2 18
7 33
2 13
6 7
12 17
3 4
9 11
2 32
1 3
16
3 8
8 11
2 5
7 12
1 4
7 9
8 14
13 15
4 6
4 7
1 2
2 10
1 3
7 16
5 13
34
15 19
4 17
1 2
10 24
4 10
13 25
23 31
19 21
3 4
5 11
2 8
5 16
1 9
6 12
5 6
12 20
4 5
7 30
4 28
2 7
3 13
14 23
24 32
3 14
17 33
23 27
2 3
8 34
1 26
9 29
7 18
14 15
14 22
86
5 6
7 31
6 74
15 78
22 47
60 77
5 12
2 9
9 27
26 34
10 18
6 37
66 80
39 49
7 19
32 53
23 57
33 58
43 67
22 23
12 17
15 29
4 39
28 76
65 82
59 72
2 25
1 2
12 24
2 84
38 60
8 22
6 7
24 59
3 8
50 55
20 48
5 51
2 3
20 52
31 61
12 16
43 64
23 45
10 46
11 75
54 63
14 40
2 5
27 54
29 65
7 15
8 38
27 69
8 32
17 30
35 44
6 36
46 73
84 86
3 56
2 4
34 83
26 28
73 85
13 71
16 62
2 35
24 79
8 21
9 10
24 66
12 20
40 68
22 42
9 14
37 41
5 43
3 81
64 70
16 26
11 13
7 33
1 11
31 50
58
5 41
6 20
27 29
32 44
3 14
20 49
23 38
42 43
42 46
13 16
2 5
10 19
17 31
13 27
5 48
4 42
1 30
8 10
15 53
10 52
3 18
11 34
1 7
26 39
18 37
3 9
1 57
8 33
6 12
7 51
3 25
7 55
14 32
4 13
12 56
13 22
3 11
4 23
10 17
13 40
16 21
48 58
2 3
13 35
2 47
16 26
40 54
3 6
14 15
10 36
1 4
1 2
6 8
33 50
2 45
9 28
15 24
59
9 18
2 3
9 52
20 27
3 29
27 38
9 24
14 43
16 21
33 40
12 30
1 2
38 56
15 39
19 55
1 4
4 5
57 58
11 13
57 59
7 17
10 31
6 7
34 35
19 49
2 20
34 57
5 51
13 14
11 12
8 16
9 54
20 44
31 41
24 47
45 50
16 37
25 45
29 33
13 53
13 26
3 15
12 48
26 28
25 32
14 25
4 8
4 6
22 34
17 22
10 11
17 46
13 42
11 23
4 10
1 9
5 19
35 36
71
18 69
5 46
2 10
28 43
60 67
53 64
7 14
31 40
15 25
4 8
8 44
9 19
10 22
20 21
14 30
33 42
52 56
2 4
20 23
7 35
14 71
49 54
6 24
1 3
38 51
9 37
61 65
62 70
12 38
9 18
9 31
5 6
1 11
27 47
7 15
18 55
26 28
18 32
26 27
25 26
12 13
15 50
1 52
16 60
5 63
52 58
7 20
33 61
7 68
2 7
26 62
37 53
11 36
2 5
3 9
6 12
21 48
23 39
34 41
10 17
5 49
12 45
40 57
10 34
4 66
11 16
17 33
1 2
11 59
26 29
12
1 5
2 3
7 8
3 7
1 4
7 9
10 12
4 11
8 10
1 6
1 2
50
9 25
1 9
21 41
3 43
23 33
11 48
21 24
14 16
13 19
11 30
5 35
2 11
2 3
3 4
3 36
26 32
2 8
20 21
8 12
17 39
14 42
24 31
9 40
2 5
18 46
1 6
17 44
5 47
1 14
25 27
28 34
22 50
2 17
5 7
8 10
10 23
24 49
32 38
5 26
11 29
25 28
15 22
16 18
10 15
6 45
23 37
1 2
18 20
11 13
67
36 38
1 3
39 49
10 11
13 21
52 59
14 32
50 58
2 5
12 31
19 37
41 54
14 39
1 26
2 14
25 47
24 55
12 42
7 8
31 57
1 2
4 7
9 19
56 67
22 36
27 65
17 64
12 23
15 52
3 13
36 40
47 60
20 46
6 61
29 48
24 33
37 53
42 63
1 10
8 25
8 34
40 43
4 28
2 17
13 16
5 12
21 22
10 35
22 41
4 9
11 15
5 45
1 4
10 66
1 18
5 50
4 6
32 44
2 51
4 24
32 62
13 29
19 20
34 56
2 27
6 30
98
57 63
24 28
24 74
32 64
2 14
12 19
3 52
5 11
20 34
5 36
24 76
31 45
83 88
1 54
52 82
12 23
1 9
41 91
72 94
17 33
50 92
7 35
25 26
32 77
1 5
4 21
69 83
11 70
18 24
13 20
35 37
42 47
31 87
12 16
63 85
65 75
25 89
44 50
28 41
35 80
41 48
35 38
23 65
3 62
94 96
1 3
17 98
22 30
42 56
1 8
19 31
1 2
20 53
67 90
2 7
8 22
7 69
55 59
3 4
55 71
7 81
48 61
36 84
39 67
28 46
23 93
65 79
16 60
40 49
31 32
6 12
17 25
7 13
2 6
25 55
38 40
32 72
20 42
17 97
21 29
7 43
23 73
12 17
9 57
20 27
44 51
3 10
1 44
56 95
8 15
17 66
21 78
60 86
4 39
10 18
37 68
8 58
97
18 32
2 7
63 74
5 44
23 34
66 73
47 59
1 2
5 57
6 67
13 72
27 53
48 76
77 92
6 8
21 55
1 22
27 35
10 64
1 27
3 51
14 15
2 6
15 54
8 30
47 65
53 66
8 85
57 90
16 82
14 50
17 19
14 39
56 75
4 5
7 9
8 18
52 71
41 86
57 80
29 31
21 26
49 69
1 3
32 96
5 20
9 40
35 91
17 24
68 97
2 4
38 68
11 42
41 47
37 84
8 21
12 36
8 13
44 63
3 58
17 70
1 12
43 81
8 52
7 10
24 89
5 16
37 60
44 61
8 28
18 48
18 49
7 43
5 25
14 17
3 11
11 45
81 95
18 23
61 62
34 37
15 77
62 78
10 14
48 93
23 29
1 41
10 46
41 87
5 33
75 83
28 79
50 88
86 94
26 38
4 56
45
14 38
30 44
13 45
29 42
2 3
6 7
14 20
4 33
5 13
5 18
8 28
2 14
1 2
1 4
41 43
11 31
5 12
18 35
2 6
3 8
13 40
26 29
32 34
11 25
16 22
4 5
5 32
16 39
3 16
14 37
1 23
6 19
8 11
1 24
15 26
28 30
5 36
38 41
13 17
4 9
26 27
18 21
9 15
6 10
52
4 29
9 26
6 18
3 7
21 31
46 51
5 8
5 12
17 36
25 41
27 46
20 24
3 14
32 43
9 45
2 4
3 35
23 37
4 15
23 28
9 16
24 25
17 33
29 48
6 20
28 44
31 39
3 19
2 3
6 34
22 32
8 52
10 13
3 11
13 47
39 49
15 38
19 22
19 21
1 2
14 40
2 9
42 50
3 6
4 17
8 23
19 27
2 5
7 30
5 10
41 42
72
15 37
11 61
7 14
13 30
6 58
28 32
6 9
5 16
19 28
33 36
8 12
25 27
29 59
12 13
12 39
4 35
3 43
27 40
34 45
34 44
13 41
23 65
8 64
29 57
3 38
11 29
51 62
29 54
3 6
13 19
20 21
25 63
21 69
15 31
2 11
34 49
3 5
3 10
45 53
54 67
48 52
21 22
39 55
1 3
14 25
45 48
3 26
36 47
31 56
69 72
6 15
1 4
10 17
35 71
6 8
19 20
46 66
1 2
45 51
19 42
1 7
2 18
30 70
1 46
25 33
35 68
18 23
11 24
5 34
9 60
39 50
82
13 50
34 72
19 60
37 39
1 78
9 19
7 23
6 30
19 21
1 43
3 12
26 66
46 59
77 81
22 26
17 37
50 69
47 55
23 80
21 54
8 11
16 25
55 73
2 6
9 31
26 33
8 17
3 4
31 64
8 20
6 7
13 27
23 29
35 52
64 68
2 46
15 67
14 18
47 74
7 8
65 77
4 14
21 49
9 16
1 2
57 58
1 36
20 75
8 24
38 44
2 9
21 22
23 71
48 82
2 3
16 34
11 56
44 53
40 41
7 38
34 63
9 15
27 28
10 65
9 35
23 42
25 40
47 79
55 57
3 13
13 70
13 32
4 5
10 76
42 51
47 48
26 47
42 61
1 45
21 62
7 10
65
9 19
5 35
27 60
16 27
16 53
8 54
8 24
21 51
25 48
13 33
2 26
50 59
2 7
5 12
3 9
23 47
4 37
27 36
40 63
3 10
29 62
26 28
1 2
16 31
35 39
23 38
46 50
18 58
10 29
7 21
4 8
14 32
1 3
46 49
8 11
21 25
17 22
39 46
2 4
8 13
35 44
18 57
8 56
1 64
32 43
1 15
2 16
4 20
60 61
11 41
10 18
10 23
10 14
11 17
30 65
19 42
19 34
20 52
3 6
10 30
25 40
1 5
27 55
11 45
80
15 69
6 50
52 57
28 30
28 58
66 73
5 8
14 26
10 41
43 76
8 29
23 28
7 17
21 64
20 27
30 39
3 46
28 54
1 4
10 20
8 77
1 12
35 36
1 38
27 31
58 59
62 79
30 74
47 56
7 35
7 13
44 48
43 51
46 49
21 34
35 78
3 22
32 52
64 70
60 65
2 3
25 43
26 53
18 60
13 33
51 67
12 18
52 66
75 80
5 9
8 19
5 75
60 62
29 42
5 14
16 55
42 45
25 40
3 24
6 11
5 7
17 68
6 10
56 63
29 32
9 16
19 37
3 6
20 25
3 15
53 72
1 2
57 71
6 61
5 23
18 47
2 5
8 21
15 44
28
1 25
13 27
11 12
9 10
2 5
4 15
13 23
13 19
19 28
3 22
5 24
12 18
6 16
11 20
11 17
1 2
2 8
6 11
6 14
3 9
8 26
2 4
6 13
14 21
2 3
2 7
5 6
29
2 7
2 3
7 13
7 29
1 5
24 26
12 19
2 11
3 6
1 12
23 24
17 23
4 10
1 8
1 21
3 20
12 16
1 2
19 25
5 22
10 14
8 17
13 27
8 18
2 4
4 9
11 15
23 28
100
2 1
3 2
4 3
5 4
6 5
7 6
8 7
9 8
10 9
11 10
12 11
13 12
14 13
15 14
16 15
17 16
18 17
19 18
20 19
21 20
22 21
23 22
24 23
25 24
26 25
27 26
28 27
29 28
30 29
31 30
32 31
33 32
34 33
35 34
36 35
37 36
38 37
39 38
40 39
41 40
42 41
43 42
44 43
45 44
46 45
47 46
48 47
49 48
50 49
51 50
52 51
53 52
54 53
55 54
56 55
57 56
58 57
59 58
60 59
61 60
62 61
63 62
64 63
65 64
66 65
67 66
68 67
69 68
70 69
71 70
72 71
73 72
74 73
75 74
76 75
77 76
78 77
79 78
80 79
81 80
82 81
83 82
84 83
85 84
86 85
87 86
88 87
89 88
90 89
91 90
92 91
93 92
94 93
95 94
96 95
97 96
98 97
99 98
100 99
